#time    cd4 cd4i cd8    growth_f inflammatory_f virus_f
0.000000    100.000000 10.000000 1.000000    13790197.720031 1000.000000 0.100000
0.900000    100.000000 10.000000 1.000000    22810081.010188 5394.592730 0.100000
1.900000    100.000000 10.000000 1.000000    28633325.962108 9964.367303 0.100000
2.900000    100.000000 10.000000 1.000000    32680486.053970 13949.062785 0.100000
3.900000    100.000000 10.000000 1.000000    35685415.305335 17596.152847 0.100000
4.900000    100.000000 10.000000 1.000000    37998050.260262 20725.113698 0.100000
5.900000    100.000000 10.000000 1.000000    39821196.852744 23621.219201 0.100000
6.900000    100.000000 10.000000 1.000000    41284320.541203 26293.242612 0.100000
7.900000    100.000000 10.000000 1.000000    42475126.275563 28581.856637 0.100000
8.900000    100.000000 10.000000 1.000000    43455510.965836 30463.375523 0.100000
9.900000    100.000000 10.000000 1.000000    44270503.135801 32224.052167 0.100000
10.900000    100.000000 10.000000 1.000000    44953644.807320 33653.057078 0.100000
11.900000    100.000000 10.000000 1.000000    45530406.366236 35198.458649 0.100000
12.900000    100.000000 10.000000 1.000000    46020442.239910 36476.292489 0.100000
13.900000    100.000000 10.000000 1.000000    46439129.003861 37564.441203 0.100000
14.900000    100.000000 10.000000 1.000000    46798641.623856 38592.274859 0.100000
15.900000    100.000000 10.000000 1.000000    47108722.865085 39553.381614 0.100000
16.900000    100.000000 10.000000 1.000000    47377243.458716 40431.407168 0.100000
17.900000    100.000000 10.000000 1.000000    47610616.400734 41254.379513 0.100000
18.900000    100.000000 10.000000 1.000000    47814107.630860 41922.738631 0.100000
19.900000    100.000000 10.000000 1.000000    47992071.891153 42584.801242 0.100000
20.900000    100.000000 10.000000 1.000000    48148133.777826 43313.164697 0.100000
21.900000    100.000000 10.000000 1.000000    48285328.129920 43861.450891 0.100000
22.900000    100.000000 10.000000 1.000000    48406209.899087 44378.244758 0.100000
23.900000    100.000000 10.000000 1.000000    48512940.873080 44962.595572 0.100000
24.900000    100.000000 10.000000 1.000000    48607358.675010 45395.838735 0.100000
25.900000    100.000000 10.000000 1.000000    48691032.069251 45811.929189 0.100000
26.900000    100.000000 10.000000 1.000000    48765305.600409 46153.574120 0.100000
27.900000    100.000000 10.000000 1.000000    48831335.858251 46451.225303 0.100000
28.900000    100.000000 10.000000 1.000000    48890121.120779 46739.799413 0.100000
29.900000    100.000000 10.000000 1.000000    48942525.724842 47017.540689 0.100000
30.900000    100.000000 10.000000 1.000000    48989300.211406 47064.224874 0.100000
31.900000    100.000000 10.000000 1.000000    49031098.063715 47340.147775 0.100000
32.900000    100.000000 10.000000 1.000000    49068489.682024 47652.912443 0.100000
33.900000    100.000000 10.000000 1.000000    49101974.104420 48009.610977 0.100000
34.900000    100.000000 10.000000 1.000000    49131988.879651 48263.470458 0.100000
35.900000    100.000000 10.000000 1.000000    49158918.417039 48359.081867 0.100000
36.900000    100.000000 10.000000 1.000000    49183101.075380 48328.048617 0.100000
37.900000    100.000000 10.000000 1.000000    49204835.202948 48413.210226 0.100000
38.900000    100.000000 10.000000 1.000000    49224384.301175 48668.631568 0.100000
39.900000    100.000000 10.000000 1.000000    49241981.453264 48917.697352 0.100000
40.900000    100.000000 10.000000 1.000000    49257833.133702 49037.413078 0.100000
41.900000    100.000000 10.000000 1.000000    49272122.494492 49165.265179 0.100000
42.900000    100.000000 10.000000 1.000000    49285012.207468 49261.631736 0.100000
43.900000    100.000000 10.000000 1.000000    49296646.928796 49501.098223 0.100000
44.900000    100.000000 10.000000 1.000000    49307155.440874 49644.053657 0.100000
45.900000    100.000000 10.000000 1.000000    49316652.518008 49759.348656 0.100000
46.900000    100.000000 10.000000 1.000000    49325240.554796 49832.110740 0.100000
47.900000    100.000000 10.000000 1.000000    49333010.990221 49813.642753 0.100000
48.900000    100.000000 10.000000 1.000000    49340045.555366 49848.959145 0.100000
49.900000    100.000000 10.000000 1.000000    49346417.368495 49696.097024 0.100000
50.900000    100.000000 10.000000 1.000000    49352191.897741 49761.069284 0.100000
51.900000    100.000000 10.000000 1.000000    49357427.808704 49865.920588 0.100000
52.900000    100.000000 10.000000 1.000000    49362177.711842 50039.078150 0.100000
53.900000    100.000000 10.000000 1.000000    49366488.822381 50124.571341 0.100000
54.900000    99.000000 10.000000 1.000000    49370403.543751 50238.839375 0.100000
55.900000    99.000000 10.000000 1.000000    49373959.984076 50342.229390 0.100000
56.900000    99.000000 10.000000 1.000000    49377192.413907 50369.236268 0.100000
57.900000    99.000000 10.000000 1.000000    49380131.672341 50147.964567 0.100000
58.900000    99.000000 10.000000 1.000000    49382805.527739 50059.769601 0.100000
59.900000    99.000000 10.000000 1.000000    49385238.998457 49742.904857 0.100000
60.900000    99.000000 10.000000 1.000000    49387454.638268 49551.497928 0.100000
61.900000    99.000000 10.000000 1.000000    49389472.790594 49205.233312 0.100000
62.900000    99.000000 10.000000 1.000000    49391311.815201 48974.338360 0.100000
63.900000    99.000000 10.000000 1.000000    49392988.290474 48805.579342 0.100000
64.900000    99.000000 10.000000 1.000000    49394517.194026 48686.960790 0.100000
65.900000    99.000000 10.000000 1.000000    49395912.064175 48686.866073 0.100000
66.900000    99.000000 10.000000 1.000000    49397185.144295 48757.692416 0.100000
67.900000    99.000000 10.000000 1.000000    49398347.512084 48689.719125 0.100000
68.900000    99.000000 10.000000 1.000000    49399409.195299 48685.937458 0.100000
69.900000    99.000000 10.000000 1.000000    49400379.275507 48882.738572 0.100000
70.900000    99.000000 10.000000 1.000000    49401265.981114 48832.694470 0.100000
71.900000    100.000000 10.000000 1.000000    49402076.770882 48654.485890 0.100000
72.900000    101.000000 10.000000 1.000000    49402818.408880 48686.144561 0.100000
73.900000    101.000000 10.000000 1.000000    49403497.031862 48649.951008 0.100000
74.900000    102.000000 10.000000 1.000000    49404118.209814 48625.284242 0.100000
75.900000    104.000000 10.000000 1.000000    49404687.000424 48553.512062 0.100000
76.900000    105.000000 10.000000 1.000000    49405207.998105 48506.038088 0.100000
77.900000    105.000000 10.000000 1.000000    49405685.378138 48317.439720 0.100000
78.900000    106.000000 10.000000 1.000000    49406122.936420 48173.943025 0.100000
79.900000    107.000000 10.000000 1.000000    49406524.125327 47976.091601 0.100000
80.900000    107.000000 10.000000 1.000000    49406892.086017 47910.259460 0.100000
81.900000    107.000000 10.000000 1.000000    49407229.677610 47830.439221 0.100000
82.900000    107.000000 10.000000 1.000000    49407539.503485 47816.308048 0.100000
83.900000    107.000000 10.000000 1.000000    49407823.935073 47789.196100 0.100000
84.900000    108.000000 10.000000 1.000000    49408085.133315 47873.644751 0.100000
85.900000    108.000000 10.000000 1.000000    49408325.068081 47851.869743 0.100000
86.900000    108.000000 10.000000 1.000000    49408545.535724 47861.524521 0.100000
87.900000    108.000000 10.000000 1.000000    49408748.174945 47999.032853 0.100000
88.900000    108.000000 10.000000 1.000000    49408934.481176 47994.075698 0.100000
89.900000    109.000000 10.000000 1.000000    49409105.819579 48143.962316 0.100000
90.900000    110.000000 10.000000 1.000000    49409263.436844 48220.805599 0.100000
91.900000    111.000000 10.000000 1.000000    49409408.471851 48431.796263 0.100000
92.900000    111.000000 10.000000 1.000000    49409541.965360 48460.237021 0.100000
93.900000    111.000000 10.000000 1.000000    49409664.868782 48482.541395 0.100000
94.900000    111.000000 10.000000 1.000000    49409778.052143 48499.789439 0.100000
95.900000    111.000000 10.000000 1.000000    49409882.311320 48607.049791 0.100000
96.900000    112.000000 10.000000 1.000000    49409978.374583 48677.920801 0.100000
97.900000    112.000000 10.000000 1.000000    49410066.908574 48676.677977 0.100000
98.900000    113.000000 10.000000 1.000000    49410148.523705 48681.816640 0.100000
99.900000    113.000000 10.000000 1.000000    49410223.779087 48843.313501 0.100000
100.900000    113.000000 10.000000 1.000000    49410293.187003 48840.699168 0.100000
101.900000    113.000000 10.000000 1.000000    49410357.216967 48896.212816 0.100000
102.900000    113.000000 10.000000 1.000000    49410416.299453 48827.822044 0.100000
103.900000    113.000000 10.000000 1.000000    49410470.829230 49009.682957 0.100000
104.900000    113.000000 10.000000 1.000000    49410521.168457 48988.333511 0.100000
105.900000    113.000000 10.000000 1.000000    49410567.649465 48999.656929 0.100000
106.900000    113.000000 10.000000 1.000000    49410610.577307 48874.159852 0.100000
107.900000    114.000000 10.000000 1.000000    49410650.232085 48822.852154 0.100000
108.900000    113.000000 10.000000 1.000000    49410686.871051 48861.928807 0.100000
109.900000    113.000000 10.000000 1.000000    49410720.730556 48848.775816 0.100000
110.900000    113.000000 10.000000 1.000000    49410752.027790 48715.480485 0.100000
111.900000    113.000000 10.000000 1.000000    49410780.962417 48786.145310 0.100000
112.900000    113.000000 10.000000 1.000000    49410807.718009 48801.479151 0.100000
113.900000    113.000000 10.000000 1.000000    49410832.463418 48979.331483 0.100000
114.900000    113.000000 10.000000 1.000000    49410855.353982 49162.461351 0.100000
115.900000    113.000000 10.000000 1.000000    49410876.532642 49182.552755 0.100000
116.900000    113.000000 10.000000 1.000000    49410896.130976 49215.367403 0.100000
117.900000    114.000000 10.000000 1.000000    49410914.270132 49416.712283 0.100000
118.900000    114.000000 10.000000 1.000000    49410931.061676 49544.115086 0.100000
119.900000    115.000000 10.000000 1.000000    49410946.608382 49495.179705 0.100000
120.900000    116.000000 10.000000 1.000000    49410961.004949 49748.536964 0.100000
121.900000    117.000000 10.000000 1.000000    49410974.338648 49785.041954 0.100000
122.900000    117.000000 10.000000 1.000000    49410986.689937 49964.691574 0.100000
123.900000    117.000000 10.000000 1.000000    49410998.133005 49921.774749 0.100000
124.900000    117.000000 10.000000 1.000000    49411008.736271 49761.666296 0.100000
125.900000    118.000000 10.000000 1.000000    49411018.562856 49872.930857 0.100000
126.900000    119.000000 10.000000 1.000000    49411027.670995 49949.645887 0.100000
127.900000    119.000000 10.000000 1.000000    49411036.114445 50071.628449 0.100000
128.900000    119.000000 9.000000 1.000000    49411043.942822 49803.933494 0.100000
129.900000    119.000000 9.000000 1.000000    49411051.201941 49253.961293 0.100000
130.900000    119.000000 9.000000 1.000000    49411057.934115 48773.627178 0.100000
131.900000    118.000000 9.000000 1.000000    49411064.178422 48412.852757 0.100000
132.900000    118.000000 9.000000 1.000000    49411069.970979 48019.191219 0.100000
133.900000    117.000000 9.000000 1.000000    49411075.345147 47689.899184 0.100000
134.900000    117.000000 9.000000 1.000000    49411080.331767 47301.211176 0.100000
135.900000    118.000000 9.000000 1.000000    49411084.959356 46922.365601 0.100000
136.900000    118.000000 9.000000 1.000000    49411089.254271 46501.946925 0.100000
137.900000    118.000000 9.000000 1.000000    49411093.240895 46119.100455 0.100000
138.900000    118.000000 9.000000 1.000000    49411096.941781 45857.675229 0.100000
139.900000    119.000000 9.000000 1.000000    49411100.377789 45546.756759 0.100000
140.900000    121.000000 9.000000 1.000000    49411103.568226 45289.915781 0.100000
141.900000    121.000000 9.000000 1.000000    49411106.530960 45095.826514 0.100000
142.900000    121.000000 9.000000 1.000000    49411109.282526 44904.859402 0.100000
143.900000    122.000000 9.000000 1.000000    49411111.838239 44864.285975 0.100000
144.900000    122.000000 9.000000 1.000000    49411114.212274 44738.746827 0.100000
145.900000    123.000000 9.000000 1.000000    49411116.417758 44625.359375 0.100000
146.900000    124.000000 9.000000 1.000000    49411118.466854 44524.080201 0.100000
147.900000    124.000000 8.000000 1.000000    49411120.370831 44368.346776 0.100000
148.900000    124.000000 8.000000 1.000000    49411122.140123 43820.409787 0.100000
149.900000    124.000000 8.000000 1.000000    49411123.784403 43235.182269 0.100000
150.900000    124.000000 8.000000 1.000000    49411125.312640 42805.059356 0.100000
151.900000    125.000000 8.000000 1.000000    49411126.733139 42458.144423 0.100000
152.900000    125.000000 8.000000 1.000000    49411128.053606 42011.555708 0.100000
153.900000    125.000000 8.000000 1.000000    49411129.281186 41597.853323 0.100000
154.900000    125.000000 8.000000 1.000000    49411130.422499 41279.778384 0.100000
155.900000    125.000000 8.000000 1.000000    49411131.483693 40971.784289 0.100000
156.900000    125.000000 8.000000 1.000000    49411132.470465 40703.526614 0.100000
157.900000    125.000000 8.000000 1.000000    49411133.388099 40242.399800 0.100000
158.900000    126.000000 8.000000 1.000000    49411134.241504 39781.818917 0.100000
159.900000    126.000000 8.000000 1.000000    49411135.035229 39388.731531 0.100000
160.900000    126.000000 8.000000 1.000000    49411135.773498 39187.088454 0.100000
161.900000    126.000000 8.000000 1.000000    49411136.460233 39212.373740 0.100000
162.900000    126.000000 8.000000 1.000000    49411137.099068 39285.727870 0.100000
163.900000    127.000000 8.000000 1.000000    49411137.693386 39308.160380 0.100000
164.900000    127.000000 8.000000 1.000000    49411138.246324 39117.488424 0.100000
165.900000    127.000000 8.000000 1.000000    49411138.760791 38984.796546 0.100000
166.900000    127.000000 8.000000 1.000000    49411139.239494 38840.396449 0.100000
167.900000    128.000000 8.000000 1.000000    49411139.684943 38835.586037 0.100000
168.900000    128.000000 8.000000 1.000000    49411140.099472 38975.174342 0.100000
169.900000    128.000000 8.000000 1.000000    49411140.485250 38992.409484 0.100000
170.900000    129.000000 8.000000 1.000000    49411140.844290 39279.533266 0.100000
171.900000    129.000000 8.000000 1.000000    49411141.178462 39432.246652 0.100000
172.900000    129.000000 8.000000 1.000000    49411141.489504 39617.076056 0.100000
173.900000    129.000000 8.000000 1.000000    49411141.779030 39834.983183 0.100000
174.900000    129.000000 8.000000 1.000000    49411142.048545 39975.885107 0.100000
175.900000    129.000000 8.000000 1.000000    49411142.299442 40102.644308 0.100000
176.900000    129.000000 8.000000 1.000000    49411142.533016 40200.682386 0.100000
177.900000    129.000000 8.000000 1.000000    49411142.750477 40089.200373 0.100000
178.900000    129.000000 8.000000 1.000000    49411142.952940 40257.040971 0.100000
179.900000    130.000000 8.000000 1.000000    49411143.141454 40061.377554 0.100000
180.900000    130.000000 8.000000 1.000000    49411143.316983 39813.277906 0.100000
181.900000    130.000000 8.000000 1.000000    49411143.480429 39698.309583 0.100000
182.900000    130.000000 8.000000 1.000000    49411143.632630 39525.018152 0.100000
183.900000    130.000000 8.000000 1.000000    49411143.774366 39430.270328 0.100000
184.900000    130.000000 8.000000 1.000000    49411143.906361 39340.827046 0.100000
185.900000    130.000000 8.000000 1.000000    49411144.029287 39335.706727 0.100000
186.900000    130.000000 8.000000 1.000000    49411144.143774 39149.162294 0.100000
187.900000    130.000000 8.000000 1.000000    49411144.250405 39031.945889 0.100000
188.900000    130.000000 8.000000 1.000000    49411144.349722 38965.302920 0.100000
189.900000    130.000000 8.000000 1.000000    49411144.442229 38976.917576 0.100000
190.900000    130.000000 8.000000 1.000000    49411144.528394 38934.840451 0.100000
191.900000    131.000000 8.000000 1.000000    49411144.608660 39096.479425 0.100000
192.900000    132.000000 8.000000 1.000000    49411144.683430 39085.251186 0.100000
193.900000    132.000000 8.000000 1.000000    49411144.753079 39063.921570 0.100000
194.900000    132.000000 8.000000 1.000000    49411144.817965 39078.357087 0.100000
195.900000    132.000000 8.000000 1.000000    49411144.878413 39030.392887 0.100000
196.900000    133.000000 8.000000 1.000000    49411144.934730 38897.065530 0.100000
197.900000    133.000000 8.000000 1.000000    49411144.987196 38948.932103 0.100000
198.900000    133.000000 8.000000 1.000000    49411145.036079 38874.142640 0.100000
199.900000    133.000000 8.000000 1.000000    49411145.081625 38723.448816 0.100000
200.900000    133.000000 8.000000 1.000000    49411145.124060 38728.968061 0.100000
201.900000    133.000000 8.000000 1.000000    49411145.163602 38650.058231 0.100000
202.900000    133.000000 8.000000 1.000000    49411145.200445 38735.034759 0.100000
203.900000    133.000000 8.000000 1.000000    49411145.234775 38679.237013 0.100000
204.900000    133.000000 8.000000 1.000000    49411145.266766 38618.787837 0.100000
205.900000    133.000000 8.000000 1.000000    49411145.296575 38552.972016 0.100000
206.900000    133.000000 8.000000 1.000000    49411145.324354 38695.075469 0.100000
207.900000    136.000000 8.000000 1.000000    49411145.350242 38662.081468 0.100000
208.900000    136.000000 8.000000 1.000000    49411145.374367 38609.649985 0.100000
209.900000    136.000000 8.000000 1.000000    49411145.396849 38728.987915 0.100000
210.900000    136.000000 8.000000 1.000000    49411145.417801 38669.542056 0.100000
211.900000    137.000000 8.000000 1.000000    49411145.437329 38658.570907 0.100000
212.900000    137.000000 8.000000 1.000000    49411145.455527 38562.174015 0.100000
213.900000    137.000000 8.000000 1.000000    49411145.472488 38494.385054 0.100000
214.900000    139.000000 8.000000 1.000000    49411145.488297 38429.615725 0.100000
215.900000    139.000000 8.000000 1.000000    49411145.503030 38443.174524 0.100000
216.900000    139.000000 8.000000 1.000000    49411145.516763 38384.849826 0.100000
217.900000    139.000000 8.000000 1.000000    49411145.529563 38268.668420 0.100000
218.900000    139.000000 8.000000 1.000000    49411145.541494 38287.807668 0.100000
219.900000    140.000000 8.000000 1.000000    49411145.552615 38338.018138 0.100000
220.900000    142.000000 8.000000 1.000000    49411145.562981 38435.916852 0.100000
221.900000    142.000000 8.000000 1.000000    49411145.572642 38416.997892 0.100000
222.900000    142.000000 8.000000 1.000000    49411145.581648 38490.148632 0.100000
223.900000    142.000000 8.000000 1.000000    49411145.590044 38697.903470 0.100000
224.900000    142.000000 8.000000 1.000000    49411145.597871 38891.460629 0.100000
225.900000    144.000000 8.000000 1.000000    49411145.605167 38944.740067 0.100000
226.900000    146.000000 8.000000 1.000000    49411145.611967 39188.199342 0.100000
227.900000    146.000000 8.000000 1.000000    49411145.618307 39220.138482 0.100000
228.900000    146.000000 8.000000 1.000000    49411145.624217 39175.492206 0.100000
229.900000    146.000000 8.000000 1.000000    49411145.629727 39243.970852 0.100000
230.900000    146.000000 8.000000 1.000000    49411145.634864 39227.310861 0.100000
231.900000    146.000000 8.000000 1.000000    49411145.639653 39247.619027 0.100000
232.900000    147.000000 8.000000 1.000000    49411145.644117 39243.350174 0.100000
233.900000    147.000000 8.000000 1.000000    49411145.648279 39184.280897 0.100000
234.900000    147.000000 8.000000 1.000000    49411145.652159 39138.016468 0.100000
235.900000    148.000000 8.000000 1.000000    49411145.655777 39095.513126 0.100000
236.900000    148.000000 8.000000 1.000000    49411145.659150 39067.172852 0.100000
237.900000    148.000000 8.000000 1.000000    49411145.662294 39141.130628 0.100000
238.900000    149.000000 8.000000 1.000000    49411145.665226 39073.196345 0.100000
239.900000    150.000000 8.000000 1.000000    49411145.667959 39164.009049 0.100000
240.900000    150.000000 8.000000 1.000000    49411145.670507 39133.030955 0.100000
241.900000    151.000000 8.000000 1.000000    49411145.672883 39056.144311 0.100000
242.900000    151.000000 8.000000 1.000000    49411145.675098 38958.533498 0.100000
243.900000    151.000000 8.000000 1.000000    49411145.677164 39077.643226 0.100000
244.900000    151.000000 8.000000 1.000000    49411145.679090 39193.117678 0.100000
245.900000    151.000000 8.000000 1.000000    49411145.680886 39482.855191 0.100000
246.900000    151.000000 8.000000 1.000000    49411145.682561 39577.336828 0.100000
247.900000    151.000000 8.000000 1.000000    49411145.684121 39467.081487 0.100000
248.900000    151.000000 8.000000 1.000000    49411145.685577 39379.626067 0.100000
249.900000    151.000000 8.000000 1.000000    49411145.686934 39416.901180 0.100000
250.900000    153.000000 8.000000 1.000000    49411145.688200 39387.224037 0.100000
251.900000    154.000000 8.000000 1.000000    49411145.689380 39461.976294 0.100000
252.900000    155.000000 7.000000 1.000000    49411145.690481 39315.199347 0.100000
253.900000    156.000000 7.000000 1.000000    49411145.691506 38774.601547 0.100000
254.900000    156.000000 7.000000 1.000000    49411145.692464 38269.253198 0.100000
255.900000    156.000000 7.000000 1.000000    49411145.693356 37681.834503 0.100000
256.900000    156.000000 7.000000 1.000000    49411145.694187 37405.577159 0.100000
257.900000    156.000000 7.000000 1.000000    49411145.694964 37153.794338 0.100000
258.900000    156.000000 7.000000 1.000000    49411145.695687 36981.063791 0.100000
259.900000    156.000000 7.000000 1.000000    49411145.696362 36687.963372 0.100000
260.900000    156.000000 7.000000 1.000000    49411145.696991 36257.487466 0.100000
261.900000    157.000000 7.000000 1.000000    49411145.697577 35932.563079 0.100000
262.900000    157.000000 7.000000 1.000000    49411145.698125 35731.774688 0.100000
263.900000    158.000000 7.000000 1.000000    49411145.698635 35529.620258 0.100000
264.900000    159.000000 7.000000 1.000000    49411145.699110 35406.342768 0.100000
265.900000    159.000000 7.000000 1.000000    49411145.699554 35211.885088 0.100000
266.900000    159.000000 7.000000 1.000000    49411145.699968 35079.722941 0.100000
267.900000    159.000000 7.000000 1.000000    49411145.700354 34867.345114 0.100000
268.900000    160.000000 7.000000 1.000000    49411145.700714 34812.928302 0.100000
269.900000    161.000000 7.000000 1.000000    49411145.701049 34769.633969 0.100000
270.900000    161.000000 7.000000 1.000000    49411145.701362 34784.089034 0.100000
271.900000    161.000000 7.000000 1.000000    49411145.701654 34946.882235 0.100000
272.900000    162.000000 7.000000 1.000000    49411145.701926 35046.932590 0.100000
273.900000    162.000000 7.000000 1.000000    49411145.702180 35067.965646 0.100000
274.900000    162.000000 7.000000 1.000000    49411145.702416 35137.161551 0.100000
275.900000    162.000000 7.000000 1.000000    49411145.702637 35087.482755 0.100000
276.900000    162.000000 7.000000 1.000000    49411145.702843 35129.949684 0.100000
277.900000    162.000000 7.000000 1.000000    49411145.703035 34978.265314 0.100000
278.900000    162.000000 7.000000 1.000000    49411145.703214 35093.079373 0.100000
279.900000    162.000000 7.000000 1.000000    49411145.703381 35095.604799 0.100000
280.900000    162.000000 7.000000 1.000000    49411145.703537 35199.399918 0.100000
281.900000    162.000000 7.000000 1.000000    49411145.703682 35033.143758 0.100000
282.900000    162.000000 7.000000 1.000000    49411145.703818 34914.063078 0.100000
283.900000    162.000000 7.000000 1.000000    49411145.703944 34861.621062 0.100000
284.900000    162.000000 7.000000 1.000000    49411145.704062 34972.741174 0.100000
285.900000    162.000000 7.000000 1.000000    49411145.704172 35098.614625 0.100000
286.900000    162.000000 7.000000 1.000000    49411145.704274 35200.473016 0.100000
287.900000    162.000000 7.000000 1.000000    49411145.704370 35150.341169 0.100000
288.900000    162.000000 7.000000 1.000000    49411145.704459 35074.754485 0.100000
289.900000    162.000000 7.000000 1.000000    49411145.704542 34862.921459 0.100000
290.900000    162.000000 7.000000 1.000000    49411145.704620 34756.676500 0.100000
291.900000    162.000000 7.000000 1.000000    49411145.704692 34706.702095 0.100000
292.900000    163.000000 7.000000 1.000000    49411145.704759 34751.306406 0.100000
293.900000    163.000000 7.000000 1.000000    49411145.704822 34829.020271 0.100000
294.900000    163.000000 7.000000 1.000000    49411145.704881 34907.654114 0.100000
295.900000    164.000000 7.000000 1.000000    49411145.704935 34920.066074 0.100000
296.900000    164.000000 7.000000 1.000000    49411145.704987 34780.739796 0.100000
297.900000    164.000000 7.000000 1.000000    49411145.705035 34718.310703 0.100000
298.900000    164.000000 7.000000 1.000000    49411145.705079 34560.845494 0.100000
299.900000    163.000000 7.000000 1.000000    49411145.705120 34404.342431 0.100000
300.900000    164.000000 7.000000 1.000000    49411145.705159 34219.595872 0.100000
301.900000    164.000000 7.000000 1.000000    49411145.705195 34074.759629 0.100000
302.900000    165.000000 7.000000 1.000000    49411145.705228 33985.814916 0.100000
303.900000    167.000000 7.000000 1.000000    49411145.705260 33956.706531 0.100000
304.900000    168.000000 7.000000 1.000000    49411145.705289 34121.930276 0.100000
305.900000    168.000000 7.000000 1.000000    49411145.705316 34259.875784 0.100000
306.900000    168.000000 7.000000 1.000000    49411145.705342 34260.370255 0.100000
307.900000    168.000000 7.000000 1.000000    49411145.705365 34076.492966 0.100000
308.900000    168.000000 7.000000 1.000000    49411145.705388 34001.344610 0.100000
309.900000    168.000000 7.000000 1.000000    49411145.705408 33813.666975 0.100000
310.900000    168.000000 7.000000 1.000000    49411145.705427 33651.230277 0.100000
311.900000    169.000000 7.000000 1.000000    49411145.705445 33545.933504 0.100000
312.900000    169.000000 7.000000 1.000000    49411145.705462 33444.801199 0.100000
313.900000    169.000000 7.000000 1.000000    49411145.705478 33332.432774 0.100000
314.900000    169.000000 7.000000 1.000000    49411145.705492 33154.407966 0.100000
315.900000    171.000000 7.000000 1.000000    49411145.705506 33090.596715 0.100000
316.900000    171.000000 7.000000 1.000000    49411145.705518 33057.877544 0.100000
317.900000    171.000000 7.000000 1.000000    49411145.705530 33190.903125 0.100000
318.900000    171.000000 7.000000 1.000000    49411145.705541 33325.485008 0.100000
319.900000    171.000000 7.000000 1.000000    49411145.705552 33407.031523 0.100000
320.900000    171.000000 7.000000 1.000000    49411145.705561 33571.668460 0.100000
321.900000    171.000000 7.000000 1.000000    49411145.705570 33658.056087 0.100000
322.900000    172.000000 7.000000 1.000000    49411145.705579 33530.084177 0.100000
323.900000    173.000000 7.000000 1.000000    49411145.705586 33441.208908 0.100000
324.900000    173.000000 7.000000 1.000000    49411145.705594 33333.342114 0.100000
325.900000    174.000000 7.000000 1.000000    49411145.705600 33397.199488 0.100000
326.900000    174.000000 7.000000 1.000000    49411145.705607 33313.643871 0.100000
327.900000    174.000000 7.000000 1.000000    49411145.705613 33303.183445 0.100000
328.900000    174.000000 7.000000 1.000000    49411145.705618 33423.189819 0.100000
329.900000    174.000000 7.000000 1.000000    49411145.705623 33550.969431 0.100000
330.900000    175.000000 7.000000 1.000000    49411145.705628 33529.281194 0.100000
331.900000    175.000000 7.000000 1.000000    49411145.705632 33515.130561 0.100000
332.900000    176.000000 7.000000 1.000000    49411145.705636 33662.205272 0.100000
333.900000    177.000000 7.000000 1.000000    49411145.705640 33743.294753 0.100000
334.900000    177.000000 7.000000 1.000000    49411145.705644 33920.362346 0.100000
335.900000    178.000000 7.000000 1.000000    49411145.705647 33920.263522 0.100000
336.900000    180.000000 7.000000 1.000000    49411145.705650 33953.468970 0.100000
337.900000    181.000000 7.000000 1.000000    49411145.705653 33911.614082 0.100000
338.900000    182.000000 7.000000 1.000000    49411145.705656 33831.491317 0.100000
339.900000    183.000000 7.000000 1.000000    49411145.705659 33835.049726 0.100000
340.900000    183.000000 7.000000 1.000000    49411145.705661 33773.540062 0.100000
341.900000    183.000000 7.000000 1.000000    49411145.705663 33869.592182 0.100000
342.900000    183.000000 7.000000 1.000000    49411145.705665 33821.444646 0.100000
343.900000    184.000000 7.000000 1.000000    49411145.705667 33815.321153 0.100000
344.900000    184.000000 7.000000 1.000000    49411145.705669 33878.074193 0.100000
345.900000    184.000000 7.000000 1.000000    49411145.705671 33853.794758 0.100000
346.900000    184.000000 7.000000 1.000000    49411145.705672 33807.110182 0.100000
347.900000    184.000000 7.000000 1.000000    49411145.705674 33697.365689 0.100000
348.900000    184.000000 7.000000 1.000000    49411145.705675 33501.454386 0.100000
349.900000    184.000000 7.000000 1.000000    49411145.705677 33385.995141 0.100000
350.900000    185.000000 7.000000 1.000000    49411145.705678 33328.566027 0.100000
351.900000    185.000000 7.000000 1.000000    49411145.705679 33247.644219 0.100000
352.900000    186.000000 7.000000 1.000000    49411145.705680 33236.326473 0.100000
353.900000    186.000000 7.000000 1.000000    49411145.705681 33373.870433 0.100000
354.900000    187.000000 7.000000 1.000000    49411145.705682 33445.532445 0.100000
355.900000    188.000000 7.000000 1.000000    49411145.705683 33491.654975 0.100000
356.900000    188.000000 7.000000 1.000000    49411145.705683 33428.502710 0.100000
357.900000    189.000000 7.000000 1.000000    49411145.705684 33451.062578 0.100000
358.900000    189.000000 7.000000 1.000000    49411145.705685 33476.414770 0.100000
359.900000    189.000000 7.000000 1.000000    49411145.705685 33445.627433 0.100000
360.900000    189.000000 7.000000 1.000000    49411145.705686 33587.467935 0.100000
361.900000    189.000000 7.000000 1.000000    49411145.705686 33593.391109 0.100000
362.900000    189.000000 7.000000 1.000000    49411145.705687 33599.309794 0.100000
363.900000    189.000000 7.000000 1.000000    49411145.705687 33618.079833 0.100000
364.900000    189.000000 7.000000 1.000000    49411145.705688 33554.367025 0.100000
365.900000    189.000000 7.000000 1.000000    49411145.705688 33383.794670 0.100000
366.900000    189.000000 7.000000 1.000000    49411145.705689 33375.177928 0.100000
367.900000    189.000000 7.000000 1.000000    49411145.705689 33323.993366 0.100000
368.900000    189.000000 7.000000 1.000000    49411145.705689 33456.754334 0.100000
369.900000    190.000000 7.000000 1.000000    49411145.705690 33412.470579 0.100000
370.900000    190.000000 7.000000 1.000000    49411145.705690 33372.442465 0.100000
371.900000    190.000000 7.000000 1.000000    49411145.705690 33414.704609 0.100000
372.900000    190.000000 7.000000 1.000000    49411145.705691 33451.705138 0.100000
373.900000    190.000000 7.000000 1.000000    49411145.705691 33523.209881 0.100000
374.900000    190.000000 7.000000 1.000000    49411145.705691 33650.036653 0.100000
375.900000    190.000000 7.000000 1.000000    49411145.705691 33751.503678 0.100000
376.900000    190.000000 7.000000 1.000000    49411145.705691 33873.802807 0.100000
377.900000    190.000000 7.000000 1.000000    49411145.705692 33844.370949 0.100000
378.900000    190.000000 7.000000 1.000000    49411145.705692 33790.740575 0.100000
379.900000    190.000000 7.000000 1.000000    49411145.705692 33803.203236 0.100000
380.900000    190.000000 7.000000 1.000000    49411145.705692 33672.045953 0.100000
381.900000    190.000000 7.000000 1.000000    49411145.705692 33581.660695 0.100000
382.900000    190.000000 7.000000 1.000000    49411145.705692 33534.424658 0.100000
383.900000    190.000000 7.000000 1.000000    49411145.705692 33427.101375 0.100000
384.900000    190.000000 7.000000 1.000000    49411145.705693 33406.064334 0.100000
385.900000    190.000000 7.000000 1.000000    49411145.705693 33391.580750 0.100000
386.900000    190.000000 7.000000 1.000000    49411145.705693 33713.858290 0.100000
387.900000    190.000000 7.000000 1.000000    49411145.705693 33995.778085 0.100000
388.900000    190.000000 7.000000 1.000000    49411145.705693 34290.462532 0.100000
389.900000    190.000000 7.000000 1.000000    49411145.705693 34337.574630 0.100000
390.900000    190.000000 7.000000 1.000000    49411145.705693 34358.258175 0.100000
391.900000    190.000000 7.000000 1.000000    49411145.705693 34322.146383 0.100000
392.900000    190.000000 7.000000 1.000000    49411145.705693 34294.540648 0.100000
393.900000    190.000000 7.000000 1.000000    49411145.705693 34244.934111 0.100000
394.900000    190.000000 7.000000 1.000000    49411145.705693 34297.755304 0.100000
395.900000    190.000000 7.000000 1.000000    49411145.705693 34132.352431 0.100000
396.900000    190.000000 7.000000 1.000000    49411145.705694 33971.160434 0.100000
397.900000    190.000000 7.000000 1.000000    49411145.705694 34078.868899 0.100000
398.900000    190.000000 6.000000 1.000000    49411145.705694 33708.479867 0.100000
399.900000    190.000000 6.000000 1.000000    49411145.705694 33219.499816 0.100000
400.900000    190.000000 6.000000 1.000000    49411145.705694 32751.299840 0.100000
401.900000    190.000000 6.000000 1.000000    49411145.705694 32363.681393 0.100000
402.900000    190.000000 6.000000 1.000000    49411145.705694 32009.168976 0.100000
403.900000    190.000000 6.000000 1.000000    49411145.705694 31648.518862 0.100000
404.900000    190.000000 6.000000 1.000000    49411145.705694 31469.728247 0.100000
405.900000    190.000000 6.000000 1.000000    49411145.705694 31261.404738 0.100000
406.900000    190.000000 6.000000 1.000000    49411145.705694 31098.239133 0.100000
407.900000    190.000000 6.000000 1.000000    49411145.705694 30908.346995 0.100000
408.900000    190.000000 6.000000 1.000000    49411145.705694 30664.603768 0.100000
409.900000    190.000000 6.000000 1.000000    49411145.705694 30516.328171 0.100000
410.900000    190.000000 6.000000 1.000000    49411145.705694 30451.238029 0.100000
411.900000    190.000000 6.000000 1.000000    49411145.705694 30351.168974 0.100000
412.900000    190.000000 6.000000 1.000000    49411145.705694 30143.024126 0.100000
413.900000    190.000000 6.000000 1.000000    49411145.705694 29985.120866 0.100000
414.900000    190.000000 6.000000 1.000000    49411145.705694 29913.678745 0.100000
415.900000    190.000000 6.000000 1.000000    49411145.705694 29995.877781 0.100000
416.900000    190.000000 6.000000 1.000000    49411145.705694 30136.242903 0.100000
417.900000    190.000000 5.000000 1.000000    49411145.705694 29906.403787 0.100000
418.900000    190.000000 5.000000 1.000000    49411145.705694 29265.962618 0.100000
419.900000    190.000000 5.000000 1.000000    49411145.705694 28865.895711 0.100000
420.900000    190.000000 5.000000 1.000000    49411145.705694 28337.374359 0.100000
421.900000    190.000000 5.000000 1.000000    49411145.705694 27984.833768 0.100000
422.900000    190.000000 5.000000 1.000000    49411145.705694 27604.606193 0.100000
423.900000    190.000000 5.000000 1.000000    49411145.705694 27281.882714 0.100000
424.900000    190.000000 5.000000 1.000000    49411145.705694 26907.592302 0.100000
425.900000    190.000000 5.000000 1.000000    49411145.705694 26658.112585 0.100000
426.900000    190.000000 5.000000 1.000000    49411145.705694 26493.337430 0.100000
427.900000    190.000000 5.000000 1.000000    49411145.705694 26322.097585 0.100000
428.900000    190.000000 5.000000 1.000000    49411145.705694 26007.051025 0.100000
429.900000    190.000000 5.000000 1.000000    49411145.705694 25722.076356 0.100000
430.900000    190.000000 5.000000 1.000000    49411145.705694 25437.192883 0.100000
431.900000    191.000000 5.000000 1.000000    49411145.705694 25132.160140 0.100000
432.900000    191.000000 5.000000 1.000000    49411145.705694 24881.415622 0.100000
433.900000    192.000000 5.000000 1.000000    49411145.705694 24750.590157 0.100000
434.900000    195.000000 5.000000 1.000000    49411145.705694 24645.560448 0.100000
435.900000    197.000000 5.000000 1.000000    49411145.705694 24504.352822 0.100000
436.900000    200.000000 5.000000 1.000000    49411145.705694 24473.572432 0.100000
437.900000    200.000000 5.000000 1.000000    49411145.705694 24415.281550 0.100000
438.900000    200.000000 5.000000 1.000000    49411145.705694 24260.875007 0.100000
439.900000    202.000000 5.000000 1.000000    49411145.705694 24194.652706 0.100000
440.900000    203.000000 5.000000 1.000000    49411145.705694 24231.681465 0.100000
441.900000    204.000000 5.000000 1.000000    49411145.705694 24212.542767 0.100000
442.900000    204.000000 5.000000 1.000000    49411145.705694 24253.159016 0.100000
443.900000    204.000000 5.000000 1.000000    49411145.705694 24158.282128 0.100000
444.900000    204.000000 5.000000 1.000000    49411145.705694 24205.981986 0.100000
445.900000    204.000000 5.000000 1.000000    49411145.705694 24139.362374 0.100000
446.900000    204.000000 5.000000 1.000000    49411145.705694 23995.986348 0.100000
447.900000    204.000000 4.000000 1.000000    49411145.705694 23779.062826 0.100000
448.900000    205.000000 4.000000 1.000000    49411145.705694 23392.615109 0.100000
449.900000    207.000000 4.000000 1.000000    49411145.705694 23077.705989 0.100000
450.900000    209.000000 4.000000 1.000000    49411145.705694 22683.289273 0.100000
451.900000    209.000000 4.000000 1.000000    49411145.705694 22347.077307 0.100000
452.900000    210.000000 4.000000 1.000000    49411145.705694 22097.342079 0.100000
453.900000    210.000000 4.000000 1.000000    49411145.705694 21714.502200 0.100000
454.900000    211.000000 4.000000 1.000000    49411145.705694 21372.723234 0.100000
455.900000    212.000000 4.000000 1.000000    49411145.705694 21101.182870 0.100000
456.900000    213.000000 4.000000 1.000000    49411145.705694 20977.065671 0.100000
457.900000    213.000000 4.000000 1.000000    49411145.705694 20814.260114 0.100000
458.900000    214.000000 4.000000 1.000000    49411145.705694 20616.642786 0.100000
459.900000    214.000000 4.000000 1.000000    49411145.705694 20427.328801 0.100000
460.900000    214.000000 4.000000 1.000000    49411145.705694 20341.362281 0.100000
461.900000    214.000000 4.000000 1.000000    49411145.705694 20329.678758 0.100000
462.900000    216.000000 4.000000 1.000000    49411145.705694 20243.047140 0.100000
463.900000    216.000000 4.000000 1.000000    49411145.705694 20330.989593 0.100000
464.900000    216.000000 4.000000 1.000000    49411145.705694 20273.244192 0.100000
465.900000    216.000000 4.000000 1.000000    49411145.705694 20211.674261 0.100000
466.900000    216.000000 4.000000 1.000000    49411145.705694 20179.072645 0.100000
467.900000    216.000000 4.000000 1.000000    49411145.705694 20062.525001 0.100000
468.900000    216.000000 4.000000 1.000000    49411145.705694 20082.931479 0.100000
469.900000    216.000000 4.000000 1.000000    49411145.705694 19994.614821 0.100000
470.900000    217.000000 4.000000 1.000000    49411145.705694 20012.186371 0.100000
471.900000    217.000000 4.000000 1.000000    49411145.705694 19828.004238 0.100000
472.900000    217.000000 4.000000 1.000000    49411145.705694 19755.976060 0.100000
473.900000    217.000000 4.000000 1.000000    49411145.705694 19806.982008 0.100000
474.900000    217.000000 4.000000 1.000000    49411145.705694 19913.814529 0.100000
475.900000    217.000000 4.000000 1.000000    49411145.705694 19999.933089 0.100000
476.900000    218.000000 4.000000 1.000000    49411145.705694 19965.050643 0.100000
477.900000    219.000000 4.000000 1.000000    49411145.705694 19990.267707 0.100000
478.900000    219.000000 4.000000 1.000000    49411145.705694 19969.017935 0.100000
479.900000    220.000000 4.000000 1.000000    49411145.705694 19981.358902 0.100000
480.900000    222.000000 4.000000 1.000000    49411145.705694 19844.024607 0.100000
481.900000    225.000000 4.000000 1.000000    49411145.705694 19744.792056 0.100000
482.900000    225.000000 4.000000 1.000000    49411145.705694 19720.093757 0.100000
483.900000    225.000000 4.000000 1.000000    49411145.705694 19592.552494 0.100000
484.900000    225.000000 4.000000 1.000000    49411145.705694 19597.933582 0.100000
485.900000    225.000000 4.000000 1.000000    49411145.705694 19522.768353 0.100000
486.900000    227.000000 4.000000 1.000000    49411145.705694 19443.571871 0.100000
487.900000    228.000000 4.000000 1.000000    49411145.705694 19380.778482 0.100000
488.900000    228.000000 4.000000 1.000000    49411145.705694 19290.029415 0.100000
489.900000    228.000000 4.000000 1.000000    49411145.705694 19231.696940 0.100000
490.900000    228.000000 4.000000 2.000000    49411145.705694 19141.772935 0.100000
491.900000    228.000000 4.000000 2.000000    49411145.705694 19122.494668 0.100000
492.900000    229.000000 4.000000 2.000000    49411145.705694 19079.667315 0.100000
493.900000    230.000000 4.000000 2.000000    49411145.705694 19029.310680 0.100000
494.900000    230.000000 4.000000 2.000000    49411145.705694 19029.150607 0.100000
495.900000    230.000000 4.000000 2.000000    49411145.705694 18971.741979 0.100000
496.900000    230.000000 4.000000 2.000000    49411145.705694 18994.875113 0.100000
497.900000    230.000000 4.000000 2.000000    49411145.705694 19025.163176 0.100000
498.900000    230.000000 4.000000 2.000000    49411145.705694 19130.812239 0.100000
499.900000    231.000000 4.000000 2.000000    49411145.705694 19210.974645 0.100000
500.900000    234.000000 4.000000 2.000000    49411145.705694 19281.874518 0.100000
501.900000    235.000000 4.000000 2.000000    49411145.705694 19377.435534 0.100000
502.900000    236.000000 4.000000 2.000000    49411145.705694 19427.355064 0.100000
503.900000    237.000000 4.000000 2.000000    49411145.705694 19526.347029 0.100000
504.900000    237.000000 4.000000 2.000000    49411145.705694 19598.327788 0.100000
505.900000    239.000000 4.000000 2.000000    49411145.705694 19510.450150 0.100000
506.900000    241.000000 4.000000 2.000000    49411145.705694 19434.882432 0.100000
507.900000    242.000000 4.000000 2.000000    49411145.705694 19403.629627 0.100000
508.900000    242.000000 4.000000 2.000000    49411145.705694 19409.392499 0.100000
509.900000    242.000000 4.000000 2.000000    49411145.705694 19339.380690 0.100000
510.900000    242.000000 4.000000 2.000000    49411145.705694 19275.124232 0.100000
511.900000    243.000000 4.000000 2.000000    49411145.705694 19273.906880 0.100000
512.900000    244.000000 4.000000 2.000000    49411145.705694 19290.285971 0.100000
513.900000    244.000000 4.000000 2.000000    49411145.705694 19303.136885 0.100000
514.900000    244.000000 4.000000 2.000000    49411145.705694 19426.632436 0.100000
515.900000    244.000000 4.000000 2.000000    49411145.705694 19461.048471 0.100000
516.900000    244.000000 4.000000 2.000000    49411145.705694 19449.074208 0.100000
517.900000    244.000000 4.000000 2.000000    49411145.705694 19422.035955 0.100000
518.900000    245.000000 4.000000 2.000000    49411145.705694 19318.234024 0.100000
519.900000    245.000000 4.000000 2.000000    49411145.705694 19295.841597 0.100000
520.900000    245.000000 4.000000 2.000000    49411145.705694 19306.633529 0.100000
521.900000    245.000000 4.000000 2.000000    49411145.705694 19350.556806 0.100000
522.900000    245.000000 4.000000 2.000000    49411145.705694 19443.751085 0.100000
523.900000    246.000000 4.000000 2.000000    49411145.705694 19508.016138 0.100000
524.900000    246.000000 4.000000 2.000000    49411145.705694 19490.373575 0.100000
525.900000    247.000000 4.000000 2.000000    49411145.705694 19511.242129 0.100000
526.900000    249.000000 4.000000 2.000000    49411145.705694 19500.815412 0.100000
527.900000    250.000000 4.000000 2.000000    49411145.705694 19528.065808 0.100000
528.900000    250.000000 4.000000 2.000000    49411145.705694 19456.652899 0.100000
529.900000    250.000000 4.000000 2.000000    49411145.705694 19474.785541 0.100000
530.900000    253.000000 4.000000 2.000000    49411145.705694 19335.655084 0.100000
531.900000    253.000000 4.000000 2.000000    49411145.705694 19304.045486 0.100000
532.900000    253.000000 4.000000 2.000000    49411145.705694 19363.790734 0.100000
533.900000    253.000000 4.000000 2.000000    49411145.705694 19361.666064 0.100000
534.900000    254.000000 4.000000 2.000000    49411145.705694 19430.619149 0.100000
535.900000    254.000000 4.000000 2.000000    49411145.705694 19466.357917 0.100000
536.900000    254.000000 4.000000 2.000000    49411145.705694 19496.341215 0.100000
537.900000    255.000000 4.000000 2.000000    49411145.705694 19457.699320 0.100000
538.900000    255.000000 4.000000 2.000000    49411145.705694 19430.056450 0.100000
539.900000    256.000000 4.000000 2.000000    49411145.705694 19371.438662 0.100000
540.900000    256.000000 4.000000 2.000000    49411145.705694 19423.929994 0.100000
541.900000    256.000000 4.000000 2.000000    49411145.705694 19429.331229 0.100000
542.900000    256.000000 4.000000 2.000000    49411145.705694 19353.338039 0.100000
543.900000    256.000000 4.000000 2.000000    49411145.705694 19394.019080 0.100000
544.900000    256.000000 4.000000 2.000000    49411145.705694 19431.725063 0.100000
545.900000    256.000000 4.000000 2.000000    49411145.705694 19428.982066 0.100000
546.900000    257.000000 4.000000 2.000000    49411145.705694 19412.155486 0.100000
547.900000    257.000000 4.000000 2.000000    49411145.705694 19367.828531 0.100000
548.900000    257.000000 4.000000 2.000000    49411145.705694 19494.741663 0.100000
549.900000    257.000000 4.000000 2.000000    49411145.705694 19464.930735 0.100000
550.900000    257.000000 4.000000 2.000000    49411145.705694 19673.916680 0.100000
551.900000    259.000000 4.000000 2.000000    49411145.705694 19725.069474 0.100000
552.900000    259.000000 4.000000 2.000000    49411145.705694 19654.153805 0.100000
553.900000    259.000000 4.000000 2.000000    49411145.705694 19739.514212 0.100000
554.900000    260.000000 4.000000 2.000000    49411145.705694 19666.301598 0.100000
555.900000    260.000000 4.000000 2.000000    49411145.705694 19582.677870 0.100000
556.900000    260.000000 4.000000 2.000000    49411145.705694 19601.621235 0.100000
557.900000    260.000000 4.000000 2.000000    49411145.705694 19545.717048 0.100000
558.900000    261.000000 4.000000 2.000000    49411145.705694 19561.097386 0.100000
559.900000    261.000000 4.000000 2.000000    49411145.705694 19486.695194 0.100000
560.900000    261.000000 4.000000 2.000000    49411145.705694 19413.075181 0.100000
561.900000    262.000000 4.000000 2.000000    49411145.705694 19417.699449 0.100000
562.900000    262.000000 4.000000 2.000000    49411145.705694 19351.713010 0.100000
563.900000    262.000000 4.000000 2.000000    49411145.705694 19264.338795 0.100000
564.900000    262.000000 4.000000 2.000000    49411145.705694 19261.600191 0.100000
565.900000    262.000000 4.000000 2.000000    49411145.705694 19294.368560 0.100000
566.900000    262.000000 3.000000 2.000000    49411145.705694 19095.399409 0.100000
567.900000    263.000000 3.000000 2.000000    49411145.705694 18616.037358 0.100000
568.900000    264.000000 3.000000 2.000000    49411145.705694 18272.349068 0.100000
569.900000    265.000000 3.000000 2.000000    49411145.705694 17896.652185 0.100000
570.900000    265.000000 3.000000 2.000000    49411145.705694 17652.767815 0.100000
571.900000    265.000000 3.000000 2.000000    49411145.705694 17432.335707 0.100000
572.900000    266.000000 3.000000 2.000000    49411145.705694 17093.713873 0.100000
573.900000    269.000000 3.000000 2.000000    49411145.705694 16750.182109 0.100000
574.900000    271.000000 3.000000 2.000000    49411145.705694 16575.342696 0.100000
575.900000    272.000000 3.000000 2.000000    49411145.705694 16369.440258 0.100000
576.900000    273.000000 3.000000 2.000000    49411145.705694 16106.468823 0.100000
577.900000    273.000000 3.000000 2.000000    49411145.705694 15906.213020 0.100000
578.900000    273.000000 3.000000 2.000000    49411145.705694 15847.922190 0.100000
579.900000    274.000000 3.000000 2.000000    49411145.705694 15732.410230 0.100000
580.900000    276.000000 3.000000 2.000000    49411145.705694 15708.015131 0.100000
581.900000    277.000000 3.000000 2.000000    49411145.705694 15543.630689 0.100000
582.900000    278.000000 3.000000 2.000000    49411145.705694 15366.852043 0.100000
583.900000    278.000000 3.000000 2.000000    49411145.705694 15301.694709 0.100000
584.900000    278.000000 3.000000 2.000000    49411145.705694 15262.770020 0.100000
585.900000    281.000000 3.000000 2.000000    49411145.705694 15077.361585 0.100000
586.900000    284.000000 3.000000 2.000000    49411145.705694 14897.965203 0.100000
587.900000    284.000000 3.000000 2.000000    49411145.705694 14835.511700 0.100000
588.900000    286.000000 3.000000 2.000000    49411145.705694 14713.542759 0.100000
589.900000    286.000000 3.000000 2.000000    49411145.705694 14639.671820 0.100000
590.900000    286.000000 3.000000 2.000000    49411145.705694 14540.626896 0.100000
591.900000    286.000000 3.000000 2.000000    49411145.705694 14479.000683 0.100000
592.900000    288.000000 3.000000 2.000000    49411145.705694 14391.442357 0.100000
593.900000    288.000000 3.000000 2.000000    49411145.705694 14347.055713 0.100000
594.900000    288.000000 3.000000 2.000000    49411145.705694 14310.581483 0.100000
595.900000    289.000000 3.000000 2.000000    49411145.705694 14278.615867 0.100000
596.900000    289.000000 3.000000 2.000000    49411145.705694 14298.034793 0.100000
597.900000    289.000000 3.000000 2.000000    49411145.705694 14266.246931 0.100000
598.900000    291.000000 3.000000 2.000000    49411145.705694 14302.772861 0.100000
599.900000    291.000000 3.000000 2.000000    49411145.705694 14307.935424 0.100000
600.900000    291.000000 3.000000 2.000000    49411145.705694 14301.042629 0.100000
601.900000    291.000000 3.000000 2.000000    49411145.705694 14226.752595 0.100000
602.900000    291.000000 3.000000 2.000000    49411145.705694 14193.400771 0.100000
603.900000    292.000000 3.000000 2.000000    49411145.705694 14157.691426 0.100000
604.900000    292.000000 2.000000 2.000000    49411145.705694 14021.144071 0.100000
605.900000    293.000000 2.000000 2.000000    49411145.705694 13588.007218 0.100000
606.900000    293.000000 2.000000 2.000000    49411145.705694 13161.573609 0.100000
607.900000    294.000000 2.000000 2.000000    49411145.705694 12909.713398 0.100000
608.900000    294.000000 2.000000 2.000000    49411145.705694 12721.964002 0.100000
609.900000    294.000000 2.000000 2.000000    49411145.705694 12448.488107 0.100000
610.900000    297.000000 2.000000 2.000000    49411145.705694 12141.937064 0.100000
611.900000    297.000000 2.000000 2.000000    49411145.705694 11864.827415 0.100000
612.900000    298.000000 2.000000 2.000000    49411145.705694 11611.974590 0.100000
613.900000    298.000000 2.000000 2.000000    49411145.705694 11371.985179 0.100000
614.900000    298.000000 2.000000 2.000000    49411145.705694 11169.930056 0.100000
615.900000    300.000000 2.000000 2.000000    49411145.705694 10981.237362 0.100000
616.900000    301.000000 2.000000 2.000000    49411145.705694 10839.823937 0.100000
617.900000    301.000000 2.000000 2.000000    49411145.705694 10785.121199 0.100000
618.900000    302.000000 2.000000 2.000000    49411145.705694 10636.683976 0.100000
619.900000    302.000000 2.000000 2.000000    49411145.705694 10604.598291 0.100000
620.900000    303.000000 2.000000 2.000000    49411145.705694 10579.482411 0.100000
621.900000    304.000000 2.000000 2.000000    49411145.705694 10501.136389 0.100000
622.900000    304.000000 2.000000 2.000000    49411145.705694 10342.966370 0.100000
623.900000    304.000000 2.000000 2.000000    49411145.705694 10261.880356 0.100000
624.900000    304.000000 2.000000 2.000000    49411145.705694 10190.359927 0.100000
625.900000    307.000000 2.000000 2.000000    49411145.705694 10133.782723 0.100000
626.900000    307.000000 2.000000 2.000000    49411145.705694 10091.947415 0.100000
627.900000    307.000000 2.000000 2.000000    49411145.705694 10002.042847 0.100000
628.900000    309.000000 2.000000 2.000000    49411145.705694 9987.114091 0.100000
629.900000    309.000000 2.000000 2.000000    49411145.705694 9967.460638 0.100000
630.900000    311.000000 2.000000 2.000000    49411145.705694 10012.488216 0.100000
631.900000    311.000000 2.000000 2.000000    49411145.705694 9915.103165 0.100000
632.900000    312.000000 2.000000 2.000000    49411145.705694 9910.254892 0.100000
633.900000    314.000000 2.000000 2.000000    49411145.705694 9904.031209 0.100000
634.900000    314.000000 2.000000 2.000000    49411145.705694 9884.400138 0.100000
635.900000    314.000000 2.000000 2.000000    49411145.705694 9931.247815 0.100000
636.900000    314.000000 2.000000 2.000000    49411145.705694 9882.155456 0.100000
637.900000    315.000000 2.000000 2.000000    49411145.705694 9921.663922 0.100000
638.900000    315.000000 2.000000 2.000000    49411145.705694 9864.329082 0.100000
639.900000    317.000000 1.000000 2.000000    49411145.705694 9757.812166 0.100000
640.900000    317.000000 1.000000 2.000000    49411145.705694 9289.148955 0.100000
641.900000    317.000000 1.000000 2.000000    49411145.705694 8861.355836 0.100000
642.900000    317.000000 1.000000 2.000000    49411145.705694 8468.866709 0.100000
643.900000    318.000000 1.000000 2.000000    49411145.705694 8079.117725 0.100000
644.900000    318.000000 1.000000 2.000000    49411145.705694 7758.787037 0.100000
645.900000    318.000000 1.000000 2.000000    49411145.705694 7505.283560 0.100000
646.900000    318.000000 1.000000 2.000000    49411145.705694 7249.166670 0.100000
647.900000    318.000000 1.000000 2.000000    49411145.705694 7081.723736 0.100000
648.900000    318.000000 1.000000 2.000000    49411145.705694 6920.050786 0.100000
649.900000    319.000000 1.000000 2.000000    49411145.705694 6729.069990 0.100000
650.900000    319.000000 1.000000 2.000000    49411145.705694 6548.904392 0.100000
651.900000    319.000000 1.000000 2.000000    49411145.705694 6381.817534 0.100000
652.900000    319.000000 1.000000 2.000000    49411145.705694 6271.782039 0.100000
653.900000    320.000000 1.000000 2.000000    49411145.705694 6137.992365 0.100000
654.900000    320.000000 1.000000 2.000000    49411145.705694 5975.119565 0.100000
655.900000    322.000000 1.000000 2.000000    49411145.705694 5824.920131 0.100000
656.900000    322.000000 1.000000 2.000000    49411145.705694 5687.822834 0.100000
657.900000    322.000000 1.000000 2.000000    49411145.705694 5563.150487 0.100000
658.900000    322.000000 1.000000 2.000000    49411145.705694 5449.986034 0.100000
659.900000    322.000000 1.000000 2.000000    49411145.705694 5347.376323 0.100000
660.900000    322.000000 1.000000 2.000000    49411145.705694 5254.399392 0.100000
661.900000    322.000000 1.000000 2.000000    49411145.705694 5236.930163 0.100000
662.900000    322.000000 1.000000 2.000000    49411145.705694 5200.903131 0.100000
663.900000    324.000000 1.000000 2.000000    49411145.705694 5189.213686 0.100000
664.900000    325.000000 1.000000 2.000000    49411145.705694 5118.644880 0.100000
665.900000    327.000000 1.000000 2.000000    49411145.705694 5120.799744 0.100000
666.900000    328.000000 1.000000 2.000000    49411145.705694 5156.214871 0.100000
667.900000    329.000000 1.000000 2.000000    49411145.705694 5134.228689 0.100000
668.900000    329.000000 1.000000 2.000000    49411145.705694 5187.522119 0.100000
669.900000    329.000000 1.000000 2.000000    49411145.705694 5161.757526 0.100000
670.900000    329.000000 1.000000 2.000000    49411145.705694 5153.724693 0.100000
671.900000    331.000000 1.000000 2.000000    49411145.705694 5121.524885 0.100000
672.900000    331.000000 1.000000 2.000000    49411145.705694 5053.903783 0.100000
673.900000    331.000000 1.000000 2.000000    49411145.705694 5024.874469 0.100000
674.900000    331.000000 1.000000 2.000000    49411145.705694 4998.062762 0.100000
675.900000    331.000000 1.000000 2.000000    49411145.705694 4941.817083 0.100000
676.900000    332.000000 1.000000 2.000000    49411145.705694 4956.378275 0.100000
677.900000    333.000000 1.000000 2.000000    49411145.705694 4903.464185 0.100000
678.900000    334.000000 1.000000 2.000000    49411145.705694 4853.259663 0.100000
679.900000    334.000000 1.000000 2.000000    49411145.705694 4869.824151 0.100000
680.900000    335.000000 1.000000 2.000000    49411145.705694 4861.605922 0.100000
681.900000    335.000000 1.000000 2.000000    49411145.705694 4850.691592 0.100000
682.900000    335.000000 1.000000 2.000000    49411145.705694 4846.905850 0.100000
683.900000    335.000000 1.000000 2.000000    49411145.705694 4882.280609 0.100000
684.900000    336.000000 1.000000 2.000000    49411145.705694 4840.746481 0.100000
685.900000    337.000000 1.000000 2.000000    49411145.705694 4799.047554 0.100000
686.900000    337.000000 1.000000 2.000000    49411145.705694 4759.901596 0.100000
687.900000    338.000000 1.000000 2.000000    49411145.705694 4810.290054 0.100000
688.900000    338.000000 1.000000 2.000000    49411145.705694 4770.643759 0.100000
689.900000    339.000000 1.000000 2.000000    49411145.705694 4732.931500 0.100000
690.900000    339.000000 1.000000 2.000000    49411145.705694 4752.466418 0.100000
691.900000    339.000000 1.000000 2.000000    49411145.705694 4750.011982 0.100000
692.900000    339.000000 1.000000 2.000000    49411145.705694 4790.184152 0.100000
693.900000    343.000000 1.000000 2.000000    49411145.705694 4833.291819 0.100000
694.900000    343.000000 1.000000 2.000000    49411145.705694 4901.953898 0.100000
695.900000    345.000000 1.000000 2.000000    49411145.705694 4898.585774 0.100000
696.900000    348.000000 1.000000 2.000000    49411145.705694 4887.972718 0.100000
697.900000    349.000000 1.000000 2.000000    49411145.705694 4874.474003 0.100000
698.900000    349.000000 1.000000 2.000000    49411145.705694 4833.171670 0.100000
699.900000    350.000000 1.000000 2.000000    49411145.705694 4790.427199 0.100000
700.900000    350.000000 1.000000 2.000000    49411145.705694 4750.869490 0.100000
701.900000    352.000000 1.000000 2.000000    49411145.705694 4714.752270 0.100000
702.900000    352.000000 1.000000 2.000000    49411145.705694 4710.008319 0.100000
703.900000    353.000000 1.000000 2.000000    49411145.705694 4685.154004 0.100000
704.900000    354.000000 1.000000 2.000000    49411145.705694 4655.444745 0.100000
705.900000    355.000000 1.000000 2.000000    49411145.705694 4628.201871 0.100000
706.900000    355.000000 1.000000 2.000000    49411145.705694 4631.511390 0.100000
707.900000    356.000000 1.000000 2.000000    49411145.705694 4613.938872 0.100000
708.900000    356.000000 1.000000 2.000000    49411145.705694 4590.920789 0.100000
709.900000    357.000000 1.000000 2.000000    49411145.705694 4569.776806 0.100000
710.900000    358.000000 1.000000 2.000000    49411145.705694 4582.548903 0.100000
711.900000    359.000000 1.000000 2.000000    49411145.705694 4601.006489 0.100000
712.900000    360.000000 1.000000 2.000000    49411145.705694 4617.396669 0.100000
713.900000    360.000000 1.000000 2.000000    49411145.705694 4631.771173 0.100000
714.900000    361.000000 1.000000 2.000000    49411145.705694 4643.716230 0.100000
715.900000    361.000000 1.000000 2.000000    49411145.705694 4673.397056 0.100000
716.900000    363.000000 1.000000 2.000000    49411145.705694 4690.269354 0.100000
717.900000    364.000000 1.000000 2.000000    49411145.705694 4708.808218 0.100000
718.900000    365.000000 1.000000 2.000000    49411145.705694 4792.444180 0.100000
719.900000    365.000000 1.000000 2.000000    49411145.705694 4810.424280 0.100000
720.900000    365.000000 1.000000 2.000000    49411145.705694 4836.312895 0.100000
721.900000    365.000000 1.000000 2.000000    49411145.705694 4798.191066 0.100000
722.900000    365.000000 1.000000 2.000000    49411145.705694 4793.707034 0.100000
723.900000    365.000000 1.000000 2.000000    49411145.705694 4796.665902 0.100000
724.900000    365.000000 1.000000 2.000000    49411145.705694 4762.600429 0.100000
725.900000    365.000000 1.000000 2.000000    49411145.705694 4728.106508 0.100000
726.900000    366.000000 1.000000 2.000000    49411145.705694 4695.702713 0.100000
727.900000    366.000000 1.000000 2.000000    49411145.705694 4665.789427 0.100000
728.900000    366.000000 1.000000 2.000000    49411145.705694 4673.211946 0.100000
729.900000    367.000000 1.000000 2.000000    49411145.705694 4679.585270 0.100000
730.900000    367.000000 1.000000 2.000000    49411145.705694 4723.052906 0.100000
731.900000    368.000000 1.000000 2.000000    49411145.705694 4736.470021 0.100000
732.900000    369.000000 1.000000 2.000000    49411145.705694 4753.864942 0.100000
733.900000    369.000000 1.000000 2.000000    49411145.705694 4760.547823 0.100000
734.900000    369.000000 1.000000 2.000000    49411145.705694 4728.463976 0.100000
735.900000    369.000000 1.000000 2.000000    49411145.705694 4696.945640 0.100000
736.900000    369.000000 1.000000 2.000000    49411145.705694 4667.400870 0.100000
737.900000    369.000000 1.000000 2.000000    49411145.705694 4640.120966 0.100000
738.900000    370.000000 1.000000 2.000000    49411145.705694 4615.110558 0.100000
739.900000    370.000000 1.000000 2.000000    49411145.705694 4592.271695 0.100000
740.900000    370.000000 1.000000 2.000000    49411145.705694 4571.467098 0.100000
741.900000    370.000000 1.000000 2.000000    49411145.705694 4552.546561 0.100000
742.900000    370.000000 1.000000 2.000000    49411145.705694 4535.359158 0.100000
743.900000    370.000000 1.000000 2.000000    49411145.705694 4519.759135 0.100000
744.900000    370.000000 1.000000 2.000000    49411145.705694 4505.608739 0.100000
745.900000    370.000000 1.000000 2.000000    49411145.705694 4492.779438 0.100000
746.900000    370.000000 1.000000 2.000000    49411145.705694 4481.152291 0.100000
747.900000    370.000000 1.000000 2.000000    49411145.705694 4470.617835 0.100000
748.900000    371.000000 1.000000 2.000000    49411145.705694 4461.075722 0.100000
749.900000    371.000000 1.000000 2.000000    49411145.705694 4452.434215 0.100000
750.900000    371.000000 1.000000 2.000000    49411145.705694 4444.609623 0.100000
751.900000    371.000000 1.000000 2.000000    49411145.705694 4437.525715 0.100000
752.900000    372.000000 1.000000 2.000000    49411145.705694 4431.113139 0.100000
753.900000    372.000000 1.000000 2.000000    49411145.705694 4425.308863 0.100000
754.900000    372.000000 1.000000 2.000000    49411145.705694 4420.055639 0.100000
755.900000    372.000000 1.000000 2.000000    49411145.705694 4415.301509 0.100000
756.900000    372.000000 1.000000 2.000000    49411145.705694 4410.999337 0.100000
757.900000    372.000000 1.000000 2.000000    49411145.705694 4407.106378 0.100000
758.900000    372.000000 0.000000 2.000000    49411145.705694 4273.782750 0.100000
759.900000    372.000000 0.000000 2.000000    49411145.705694 3865.132512 0.100000
760.900000    372.000000 0.000000 2.000000    49411145.705694 3495.556561 0.100000
761.900000    372.000000 0.000000 2.000000    49411145.705694 3161.318696 0.100000
762.900000    372.000000 0.000000 2.000000    49411145.705694 2859.039962 0.100000
763.900000    372.000000 0.000000 2.000000    49411145.705694 2585.664493 0.100000
764.900000    372.000000 0.000000 2.000000    49411145.705694 2338.428620 0.100000
765.900000    372.000000 0.000000 2.000000    49411145.705694 2114.832927 0.100000
766.900000    372.000000 0.000000 2.000000    49411145.705694 1912.616991 0.100000
767.900000    372.000000 0.000000 2.000000    49411145.705694 1729.736523 0.100000
768.900000    372.000000 0.000000 2.000000    49411145.705694 1564.342706 0.100000
769.900000    372.000000 0.000000 2.000000    49411145.705694 1414.763503 0.100000
770.900000    372.000000 0.000000 2.000000    49411145.705694 1279.486752 0.100000
771.900000    372.000000 0.000000 2.000000    49411145.705694 1157.144884 0.100000
772.900000    372.000000 0.000000 2.000000    49411145.705694 1046.501091 0.100000
773.900000    372.000000 0.000000 2.000000    49411145.705694 946.436828 0.100000
774.900000    372.000000 0.000000 2.000000    49411145.705694 855.940503 0.100000
775.900000    372.000000 0.000000 2.000000    49411145.705694 774.097248 0.100000
776.900000    372.000000 0.000000 2.000000    49411145.705694 700.079675 0.100000
777.900000    372.000000 0.000000 2.000000    49411145.705694 633.139509 0.100000
778.900000    372.000000 0.000000 2.000000    49411145.705694 572.600023 0.100000
779.900000    372.000000 0.000000 2.000000    49411145.705694 517.849197 0.100000
780.900000    372.000000 0.000000 2.000000    49411145.705694 468.333532 0.100000
781.900000    372.000000 0.000000 2.000000    49411145.705694 423.552451 0.100000
782.900000    372.000000 0.000000 2.000000    49411145.705694 383.053245 0.100000
783.900000    372.000000 0.000000 2.000000    49411145.705694 346.426488 0.100000
784.900000    372.000000 0.000000 2.000000    49411145.705694 313.301906 0.100000
785.900000    372.000000 0.000000 2.000000    49411145.705694 283.344628 0.100000
786.900000    372.000000 0.000000 2.000000    49411145.705694 256.251803 0.100000
787.900000    372.000000 0.000000 2.000000    49411145.705694 231.749537 0.100000
788.900000    372.000000 0.000000 2.000000    49411145.705694 209.590127 0.100000
789.900000    372.000000 0.000000 2.000000    49411145.705694 189.549554 0.100000
790.900000    372.000000 0.000000 2.000000    49411145.705694 171.425219 0.100000
791.900000    372.000000 0.000000 2.000000    49411145.705694 155.033895 0.100000
792.900000    373.000000 0.000000 2.000000    49411145.705694 140.209876 0.100000
793.900000    373.000000 0.000000 2.000000    49411145.705694 126.803299 0.100000
794.900000    375.000000 0.000000 2.000000    49411145.705694 114.678630 0.100000
795.900000    376.000000 0.000000 2.000000    49411145.705694 103.713298 0.100000
796.900000    379.000000 0.000000 2.000000    49411145.705694 93.796447 0.100000
797.900000    379.000000 0.000000 2.000000    49411145.705694 84.827826 0.100000
798.900000    379.000000 0.000000 2.000000    49411145.705694 76.716765 0.100000
799.900000    379.000000 0.000000 2.000000    49411145.705694 69.381267 0.100000
800.900000    380.000000 0.000000 2.000000    49411145.705694 62.747174 0.100000
801.900000    382.000000 0.000000 2.000000    49411145.705694 56.747420 0.100000
802.900000    383.000000 0.000000 2.000000    49411145.705694 51.321349 0.100000
803.900000    383.000000 0.000000 2.000000    49411145.705694 46.414108 0.100000
804.900000    385.000000 0.000000 2.000000    49411145.705694 41.976088 0.100000
805.900000    386.000000 0.000000 2.000000    49411145.705694 37.962421 0.100000
806.900000    388.000000 0.000000 2.000000    49411145.705694 34.332533 0.100000
807.900000    388.000000 0.000000 2.000000    49411145.705694 31.049728 0.100000
808.900000    388.000000 0.000000 2.000000    49411145.705694 28.080817 0.100000
809.900000    389.000000 0.000000 2.000000    49411145.705694 25.395788 0.100000
810.900000    390.000000 0.000000 2.000000    49411145.705694 22.967495 0.100000
811.900000    391.000000 0.000000 2.000000    49411145.705694 20.771391 0.100000
812.900000    392.000000 0.000000 2.000000    49411145.705694 18.785274 0.100000
813.900000    392.000000 0.000000 2.000000    49411145.705694 16.989065 0.100000
814.900000    393.000000 0.000000 2.000000    49411145.705694 15.364606 0.100000
815.900000    394.000000 0.000000 2.000000    49411145.705694 13.895474 0.100000
816.900000    398.000000 0.000000 2.000000    49411145.705694 12.566818 0.100000
817.900000    398.000000 0.000000 2.000000    49411145.705694 11.365204 0.100000
818.900000    399.000000 0.000000 2.000000    49411145.705694 10.278487 0.100000
819.900000    399.000000 0.000000 2.000000    49411145.705694 9.295680 0.100000
820.900000    399.000000 0.000000 2.000000    49411145.705694 8.406846 0.100000
821.900000    401.000000 0.000000 2.000000    49411145.705694 7.603001 0.100000
822.900000    401.000000 0.000000 2.000000    49411145.705694 6.876018 0.100000
823.900000    401.000000 0.000000 2.000000    49411145.705694 6.218547 0.100000
824.900000    401.000000 0.000000 2.000000    49411145.705694 5.623943 0.100000
825.900000    402.000000 0.000000 2.000000    49411145.705694 5.086193 0.100000
826.900000    402.000000 0.000000 2.000000    49411145.705694 4.599862 0.100000
827.900000    402.000000 0.000000 2.000000    49411145.705694 4.160032 0.100000
828.900000    402.000000 0.000000 2.000000    49411145.705694 3.762259 0.100000
829.900000    403.000000 0.000000 2.000000    49411145.705694 3.402519 0.100000
830.900000    403.000000 0.000000 2.000000    49411145.705694 3.077178 0.100000
831.900000    403.000000 0.000000 2.000000    49411145.705694 2.782944 0.100000
832.900000    403.000000 0.000000 2.000000    49411145.705694 2.516845 0.100000
833.900000    403.000000 0.000000 2.000000    49411145.705694 2.276189 0.100000
834.900000    403.000000 0.000000 2.000000    49411145.705694 2.058545 0.100000
835.900000    403.000000 0.000000 2.000000    49411145.705694 1.861711 0.100000
836.900000    404.000000 0.000000 2.000000    49411145.705694 1.683698 0.100000
837.900000    404.000000 0.000000 2.000000    49411145.705694 1.522706 0.100000
838.900000    405.000000 0.000000 2.000000    49411145.705694 1.377108 0.100000
839.900000    407.000000 0.000000 2.000000    49411145.705694 1.245432 0.100000
840.900000    411.000000 0.000000 2.000000    49411145.705694 1.126346 0.100000
841.900000    413.000000 0.000000 2.000000    49411145.705694 1.018648 0.100000
842.900000    414.000000 0.000000 2.000000    49411145.705694 0.921247 0.100000
843.900000    415.000000 0.000000 2.000000    49411145.705694 0.833159 0.100000
844.900000    415.000000 0.000000 2.000000    49411145.705694 0.753494 0.100000
845.900000    415.000000 0.000000 2.000000    49411145.705694 0.681446 0.100000
846.900000    417.000000 0.000000 2.000000    49411145.705694 0.616288 0.100000
847.900000    419.000000 0.000000 2.000000    49411145.705694 0.557360 0.100000
848.900000    419.000000 0.000000 2.000000    49411145.705694 0.504066 0.100000
849.900000    419.000000 0.000000 2.000000    49411145.705694 0.455868 0.100000
850.900000    420.000000 0.000000 2.000000    49411145.705694 0.412279 0.100000
851.900000    422.000000 0.000000 2.000000    49411145.705694 0.372858 0.100000
852.900000    424.000000 0.000000 2.000000    49411145.705694 0.337206 0.100000
853.900000    424.000000 0.000000 2.000000    49411145.705694 0.304963 0.100000
854.900000    424.000000 0.000000 2.000000    49411145.705694 0.275803 0.100000
855.900000    424.000000 0.000000 2.000000    49411145.705694 0.249431 0.100000
856.900000    424.000000 0.000000 2.000000    49411145.705694 0.225581 0.100000
857.900000    424.000000 0.000000 2.000000    49411145.705694 0.204012 0.100000
858.900000    426.000000 0.000000 2.000000    49411145.705694 0.184505 0.100000
859.900000    426.000000 0.000000 2.000000    49411145.705694 0.166863 0.100000
860.900000    429.000000 0.000000 2.000000    49411145.705694 0.150908 0.100000
861.900000    429.000000 0.000000 2.000000    49411145.705694 0.136478 0.100000
862.900000    429.000000 0.000000 2.000000    49411145.705694 0.123428 0.100000
863.900000    429.000000 0.000000 2.000000    49411145.705694 0.111626 0.100000
864.900000    429.000000 0.000000 2.000000    49411145.705694 0.100953 0.100000
865.900000    429.000000 0.000000 2.000000    49411145.705694 0.100000 0.100000
866.900000    430.000000 0.000000 2.000000    49411145.705694 0.100000 0.100000
867.900000    431.000000 0.000000 2.000000    49411145.705694 0.100000 0.100000
868.900000    432.000000 0.000000 2.000000    49411145.705694 0.100000 0.100000
869.900000    433.000000 0.000000 2.000000    49411145.705694 0.100000 0.100000
870.900000    436.000000 0.000000 2.000000    49411145.705694 0.100000 0.100000
871.900000    437.000000 0.000000 2.000000    49411145.705694 0.100000 0.100000
872.900000    441.000000 0.000000 2.000000    49411145.705694 0.100000 0.100000
873.900000    441.000000 0.000000 2.000000    49411145.705694 0.100000 0.100000
874.900000    442.000000 0.000000 2.000000    49411145.705694 0.100000 0.100000
875.900000    443.000000 0.000000 2.000000    49411145.705694 0.100000 0.100000
876.900000    444.000000 0.000000 2.000000    49411145.705694 0.100000 0.100000
877.900000    445.000000 0.000000 2.000000    49411145.705694 0.100000 0.100000
878.900000    445.000000 0.000000 2.000000    49411145.705694 0.100000 0.100000
879.900000    446.000000 0.000000 2.000000    49411145.705694 0.100000 0.100000
880.900000    446.000000 0.000000 2.000000    49411145.705694 0.100000 0.100000
881.900000    446.000000 0.000000 2.000000    49411145.705694 0.100000 0.100000
882.900000    448.000000 0.000000 2.000000    49411145.705694 0.100000 0.100000
883.900000    450.000000 0.000000 2.000000    49411145.705694 0.100000 0.100000
884.900000    451.000000 0.000000 2.000000    49411145.705694 0.100000 0.100000
885.900000    452.000000 0.000000 2.000000    49411145.705694 0.100000 0.100000
886.900000    452.000000 0.000000 2.000000    49411145.705694 0.100000 0.100000
887.900000    455.000000 0.000000 2.000000    49411145.705694 0.100000 0.100000
888.900000    457.000000 0.000000 2.000000    49411145.705694 0.100000 0.100000
889.900000    457.000000 0.000000 2.000000    49411145.705694 0.100000 0.100000
890.900000    457.000000 0.000000 2.000000    49411145.705694 0.100000 0.100000
891.900000    458.000000 0.000000 2.000000    49411145.705694 0.100000 0.100000
892.900000    458.000000 0.000000 2.000000    49411145.705694 0.100000 0.100000
893.900000    458.000000 0.000000 2.000000    49411145.705694 0.100000 0.100000
894.900000    459.000000 0.000000 2.000000    49411145.705694 0.100000 0.100000
895.900000    460.000000 0.000000 2.000000    49411145.705694 0.100000 0.100000
896.900000    462.000000 0.000000 2.000000    49411145.705694 0.100000 0.100000
897.900000    462.000000 0.000000 2.000000    49411145.705694 0.100000 0.100000
898.900000    462.000000 0.000000 2.000000    49411145.705694 0.100000 0.100000
899.900000    463.000000 0.000000 2.000000    49411145.705694 0.100000 0.100000
900.900000    465.000000 0.000000 2.000000    49411145.705694 0.100000 0.100000
901.900000    466.000000 0.000000 2.000000    49411145.705694 0.100000 0.100000
902.900000    467.000000 0.000000 2.000000    49411145.705694 0.100000 0.100000
903.900000    468.000000 0.000000 2.000000    49411145.705694 0.100000 0.100000
904.900000    468.000000 0.000000 2.000000    49411145.705694 0.100000 0.100000
905.900000    470.000000 0.000000 2.000000    49411145.705694 0.100000 0.100000
906.900000    470.000000 0.000000 2.000000    49411145.705694 0.100000 0.100000
907.900000    470.000000 0.000000 2.000000    49411145.705694 0.100000 0.100000
908.900000    470.000000 0.000000 2.000000    49411145.705694 0.100000 0.100000
909.900000    471.000000 0.000000 2.000000    49411145.705694 0.100000 0.100000
910.900000    471.000000 0.000000 2.000000    49411145.705694 0.100000 0.100000
911.900000    474.000000 0.000000 2.000000    49411145.705694 0.100000 0.100000
912.900000    474.000000 0.000000 2.000000    49411145.705694 0.100000 0.100000
913.900000    474.000000 0.000000 2.000000    49411145.705694 0.100000 0.100000
914.900000    474.000000 0.000000 2.000000    49411145.705694 0.100000 0.100000
915.900000    474.000000 0.000000 2.000000    49411145.705694 0.100000 0.100000
916.900000    474.000000 0.000000 2.000000    49411145.705694 0.100000 0.100000
917.900000    475.000000 0.000000 2.000000    49411145.705694 0.100000 0.100000
918.900000    477.000000 0.000000 2.000000    49411145.705694 0.100000 0.100000
919.900000    477.000000 0.000000 2.000000    49411145.705694 0.100000 0.100000
920.900000    478.000000 0.000000 2.000000    49411145.705694 0.100000 0.100000
921.900000    481.000000 0.000000 2.000000    49411145.705694 0.100000 0.100000
922.900000    481.000000 0.000000 2.000000    49411145.705694 0.100000 0.100000
923.900000    481.000000 0.000000 2.000000    49411145.705694 0.100000 0.100000
924.900000    482.000000 0.000000 2.000000    49411145.705694 0.100000 0.100000
925.900000    483.000000 0.000000 2.000000    49411145.705694 0.100000 0.100000
926.900000    485.000000 0.000000 2.000000    49411145.705694 0.100000 0.100000
927.900000    485.000000 0.000000 2.000000    49411145.705694 0.100000 0.100000
928.900000    486.000000 0.000000 2.000000    49411145.705694 0.100000 0.100000
929.900000    487.000000 0.000000 2.000000    49411145.705694 0.100000 0.100000
930.900000    487.000000 0.000000 2.000000    49411145.705694 0.100000 0.100000
931.900000    489.000000 0.000000 2.000000    49411145.705694 0.100000 0.100000
932.900000    492.000000 0.000000 2.000000    49411145.705694 0.100000 0.100000
933.900000    494.000000 0.000000 2.000000    49411145.705694 0.100000 0.100000
934.900000    494.000000 0.000000 2.000000    49411145.705694 0.100000 0.100000
935.900000    494.000000 0.000000 2.000000    49411145.705694 0.100000 0.100000
936.900000    496.000000 0.000000 2.000000    49411145.705694 0.100000 0.100000
937.900000    496.000000 0.000000 2.000000    49411145.705694 0.100000 0.100000
938.900000    496.000000 0.000000 2.000000    49411145.705694 0.100000 0.100000
939.900000    496.000000 0.000000 2.000000    49411145.705694 0.100000 0.100000
940.900000    498.000000 0.000000 2.000000    49411145.705694 0.100000 0.100000
941.900000    498.000000 0.000000 2.000000    49411145.705694 0.100000 0.100000
942.900000    500.000000 0.000000 2.000000    49411145.705694 0.100000 0.100000
943.900000    500.000000 0.000000 2.000000    49411145.705694 0.100000 0.100000
944.900000    503.000000 0.000000 2.000000    49411145.705694 0.100000 0.100000
945.900000    507.000000 0.000000 2.000000    49411145.705694 0.100000 0.100000
946.900000    510.000000 0.000000 2.000000    49411145.705694 0.100000 0.100000
947.900000    513.000000 0.000000 2.000000    49411145.705694 0.100000 0.100000
948.900000    516.000000 0.000000 2.000000    49411145.705694 0.100000 0.100000
949.900000    520.000000 0.000000 2.000000    49411145.705694 0.100000 0.100000
950.900000    520.000000 0.000000 2.000000    49411145.705694 0.100000 0.100000
951.900000    520.000000 0.000000 2.000000    49411145.705694 0.100000 0.100000
952.900000    520.000000 0.000000 2.000000    49411145.705694 0.100000 0.100000
953.900000    520.000000 0.000000 2.000000    49411145.705694 0.100000 0.100000
954.900000    520.000000 0.000000 2.000000    49411145.705694 0.100000 0.100000
955.900000    520.000000 0.000000 2.000000    49411145.705694 0.100000 0.100000
956.900000    520.000000 0.000000 2.000000    49411145.705694 0.100000 0.100000
957.900000    522.000000 0.000000 2.000000    49411145.705694 0.100000 0.100000
958.900000    524.000000 0.000000 2.000000    49411145.705694 0.100000 0.100000
959.900000    524.000000 0.000000 2.000000    49411145.705694 0.100000 0.100000
960.900000    526.000000 0.000000 2.000000    49411145.705694 0.100000 0.100000
961.900000    527.000000 0.000000 2.000000    49411145.705694 0.100000 0.100000
962.900000    528.000000 0.000000 2.000000    49411145.705694 0.100000 0.100000
963.900000    528.000000 0.000000 2.000000    49411145.705694 0.100000 0.100000
964.900000    528.000000 0.000000 2.000000    49411145.705694 0.100000 0.100000
965.900000    529.000000 0.000000 2.000000    49411145.705694 0.100000 0.100000
966.900000    529.000000 0.000000 2.000000    49411145.705694 0.100000 0.100000
967.900000    529.000000 0.000000 2.000000    49411145.705694 0.100000 0.100000
968.900000    529.000000 0.000000 2.000000    49411145.705694 0.100000 0.100000
969.900000    529.000000 0.000000 2.000000    49411145.705694 0.100000 0.100000
970.900000    529.000000 0.000000 2.000000    49411145.705694 0.100000 0.100000
971.900000    530.000000 0.000000 2.000000    49411145.705694 0.100000 0.100000
972.900000    532.000000 0.000000 2.000000    49411145.705694 0.100000 0.100000
973.900000    534.000000 0.000000 2.000000    49411145.705694 0.100000 0.100000
974.900000    534.000000 0.000000 2.000000    49411145.705694 0.100000 0.100000
975.900000    536.000000 0.000000 2.000000    49411145.705694 0.100000 0.100000
976.900000    536.000000 0.000000 2.000000    49411145.705694 0.100000 0.100000
977.900000    536.000000 0.000000 2.000000    49411145.705694 0.100000 0.100000
978.900000    536.000000 0.000000 2.000000    49411145.705694 0.100000 0.100000
979.900000    538.000000 0.000000 2.000000    49411145.705694 0.100000 0.100000
980.900000    538.000000 0.000000 2.000000    49411145.705694 0.100000 0.100000
981.900000    539.000000 0.000000 2.000000    49411145.705694 0.100000 0.100000
982.900000    539.000000 0.000000 2.000000    49411145.705694 0.100000 0.100000
983.900000    540.000000 0.000000 2.000000    49411145.705694 0.100000 0.100000
984.900000    540.000000 0.000000 2.000000    49411145.705694 0.100000 0.100000
985.900000    541.000000 0.000000 2.000000    49411145.705694 0.100000 0.100000
986.900000    544.000000 0.000000 2.000000    49411145.705694 0.100000 0.100000
987.900000    546.000000 0.000000 2.000000    49411145.705694 0.100000 0.100000
988.900000    547.000000 0.000000 2.000000    49411145.705694 0.100000 0.100000
989.900000    548.000000 0.000000 2.000000    49411145.705694 0.100000 0.100000
990.900000    550.000000 0.000000 2.000000    49411145.705694 0.100000 0.100000
991.900000    550.000000 0.000000 2.000000    49411145.705694 0.100000 0.100000
992.900000    552.000000 0.000000 2.000000    49411145.705694 0.100000 0.100000
993.900000    555.000000 0.000000 2.000000    49411145.705694 0.100000 0.100000
994.900000    556.000000 0.000000 2.000000    49411145.705694 0.100000 0.100000
995.900000    556.000000 0.000000 2.000000    49411145.705694 0.100000 0.100000
996.900000    556.000000 0.000000 2.000000    49411145.705694 0.100000 0.100000
997.900000    557.000000 0.000000 2.000000    49411145.705694 0.100000 0.100000
998.900000    558.000000 0.000000 2.000000    49411145.705694 0.100000 0.100000
999.900000    559.000000 0.000000 2.000000    49411145.705694 0.100000 0.100000
1000.900000    559.000000 0.000000 2.000000    49411145.705694 0.100000 0.100000
1001.900000    559.000000 0.000000 2.000000    49411145.705694 0.100000 0.100000
1002.900000    559.000000 0.000000 2.000000    49411145.705694 0.100000 0.100000
1003.900000    564.000000 0.000000 2.000000    49411145.705694 0.100000 0.100000
1004.900000    565.000000 0.000000 2.000000    49411145.705694 0.100000 0.100000
1005.900000    566.000000 0.000000 2.000000    49411145.705694 0.100000 0.100000
1006.900000    566.000000 0.000000 2.000000    49411145.705694 0.100000 0.100000
1007.900000    568.000000 0.000000 2.000000    49411145.705694 0.100000 0.100000
1008.900000    568.000000 0.000000 2.000000    49411145.705694 0.100000 0.100000
1009.900000    569.000000 0.000000 2.000000    49411145.705694 0.100000 0.100000
1010.900000    570.000000 0.000000 2.000000    49411145.705694 0.100000 0.100000
1011.900000    570.000000 0.000000 2.000000    49411145.705694 0.100000 0.100000
1012.900000    571.000000 0.000000 2.000000    49411145.705694 0.100000 0.100000
1013.900000    571.000000 0.000000 2.000000    49411145.705694 0.100000 0.100000
1014.900000    572.000000 0.000000 2.000000    49411145.705694 0.100000 0.100000
1015.900000    574.000000 0.000000 2.000000    49411145.705694 0.100000 0.100000
1016.900000    574.000000 0.000000 2.000000    49411145.705694 0.100000 0.100000
1017.900000    574.000000 0.000000 2.000000    49411145.705694 0.100000 0.100000
1018.900000    575.000000 0.000000 2.000000    49411145.705694 0.100000 0.100000
1019.900000    575.000000 0.000000 2.000000    49411145.705694 0.100000 0.100000
1020.900000    575.000000 0.000000 2.000000    49411145.705694 0.100000 0.100000
1021.900000    575.000000 0.000000 2.000000    49411145.705694 0.100000 0.100000
1022.900000    575.000000 0.000000 2.000000    49411145.705694 0.100000 0.100000
1023.900000    578.000000 0.000000 2.000000    49411145.705694 0.100000 0.100000
1024.900000    579.000000 0.000000 2.000000    49411145.705694 0.100000 0.100000
1025.900000    579.000000 0.000000 2.000000    49411145.705694 0.100000 0.100000
1026.900000    579.000000 0.000000 2.000000    49411145.705694 0.100000 0.100000
1027.900000    579.000000 0.000000 2.000000    49411145.705694 0.100000 0.100000
1028.900000    579.000000 0.000000 2.000000    49411145.705694 0.100000 0.100000
1029.900000    579.000000 0.000000 2.000000    49411145.705694 0.100000 0.100000
1030.900000    580.000000 0.000000 2.000000    49411145.705694 0.100000 0.100000
1031.900000    582.000000 0.000000 2.000000    49411145.705694 0.100000 0.100000
1032.900000    582.000000 0.000000 2.000000    49411145.705694 0.100000 0.100000
1033.900000    582.000000 0.000000 2.000000    49411145.705694 0.100000 0.100000
1034.900000    583.000000 0.000000 2.000000    49411145.705694 0.100000 0.100000
1035.900000    583.000000 0.000000 2.000000    49411145.705694 0.100000 0.100000
1036.900000    584.000000 0.000000 2.000000    49411145.705694 0.100000 0.100000
1037.900000    584.000000 0.000000 2.000000    49411145.705694 0.100000 0.100000
1038.900000    585.000000 0.000000 2.000000    49411145.705694 0.100000 0.100000
1039.900000    585.000000 0.000000 2.000000    49411145.705694 0.100000 0.100000
1040.900000    586.000000 0.000000 2.000000    49411145.705694 0.100000 0.100000
1041.900000    586.000000 0.000000 2.000000    49411145.705694 0.100000 0.100000
1042.900000    587.000000 0.000000 2.000000    49411145.705694 0.100000 0.100000
1043.900000    588.000000 0.000000 2.000000    49411145.705694 0.100000 0.100000
1044.900000    589.000000 0.000000 2.000000    49411145.705694 0.100000 0.100000
1045.900000    591.000000 0.000000 2.000000    49411145.705694 0.100000 0.100000
1046.900000    592.000000 0.000000 2.000000    49411145.705694 0.100000 0.100000
1047.900000    594.000000 0.000000 2.000000    49411145.705694 0.100000 0.100000
1048.900000    596.000000 0.000000 2.000000    49411145.705694 0.100000 0.100000
1049.900000    596.000000 0.000000 2.000000    49411145.705694 0.100000 0.100000
1050.900000    597.000000 0.000000 2.000000    49411145.705694 0.100000 0.100000
1051.900000    599.000000 0.000000 2.000000    49411145.705694 0.100000 0.100000
1052.900000    599.000000 0.000000 2.000000    49411145.705694 0.100000 0.100000
1053.900000    602.000000 0.000000 2.000000    49411145.705694 0.100000 0.100000
1054.900000    603.000000 0.000000 2.000000    49411145.705694 0.100000 0.100000
1055.900000    603.000000 0.000000 2.000000    49411145.705694 0.100000 0.100000
1056.900000    603.000000 0.000000 2.000000    49411145.705694 0.100000 0.100000
1057.900000    603.000000 0.000000 2.000000    49411145.705694 0.100000 0.100000
1058.900000    605.000000 0.000000 2.000000    49411145.705694 0.100000 0.100000
1059.900000    605.000000 0.000000 2.000000    49411145.705694 0.100000 0.100000
1060.900000    605.000000 0.000000 2.000000    49411145.705694 0.100000 0.100000
1061.900000    606.000000 0.000000 2.000000    49411145.705694 0.100000 0.100000
1062.900000    606.000000 0.000000 2.000000    49411145.705694 0.100000 0.100000
1063.900000    606.000000 0.000000 2.000000    49411145.705694 0.100000 0.100000
1064.900000    608.000000 0.000000 2.000000    49411145.705694 0.100000 0.100000
1065.900000    609.000000 0.000000 2.000000    49411145.705694 0.100000 0.100000
1066.900000    610.000000 0.000000 2.000000    49411145.705694 0.100000 0.100000
1067.900000    610.000000 0.000000 2.000000    49411145.705694 0.100000 0.100000
1068.900000    610.000000 0.000000 2.000000    49411145.705694 0.100000 0.100000
1069.900000    612.000000 0.000000 2.000000    49411145.705694 0.100000 0.100000
1070.900000    612.000000 0.000000 2.000000    49411145.705694 0.100000 0.100000
1071.900000    613.000000 0.000000 2.000000    49411145.705694 0.100000 0.100000
1072.900000    614.000000 0.000000 2.000000    49411145.705694 0.100000 0.100000
1073.900000    614.000000 0.000000 2.000000    49411145.705694 0.100000 0.100000
1074.900000    614.000000 0.000000 2.000000    49411145.705694 0.100000 0.100000
1075.900000    615.000000 0.000000 2.000000    49411145.705694 0.100000 0.100000
1076.900000    616.000000 0.000000 2.000000    49411145.705694 0.100000 0.100000
1077.900000    617.000000 0.000000 2.000000    49411145.705694 0.100000 0.100000
1078.900000    617.000000 0.000000 2.000000    49411145.705694 0.100000 0.100000
1079.900000    617.000000 0.000000 2.000000    49411145.705694 0.100000 0.100000
1080.900000    618.000000 0.000000 2.000000    49411145.705694 0.100000 0.100000
1081.900000    618.000000 0.000000 2.000000    49411145.705694 0.100000 0.100000
1082.900000    618.000000 0.000000 2.000000    49411145.705694 0.100000 0.100000
1083.900000    619.000000 0.000000 2.000000    49411145.705694 0.100000 0.100000
1084.900000    619.000000 0.000000 2.000000    49411145.705694 0.100000 0.100000
1085.900000    619.000000 0.000000 2.000000    49411145.705694 0.100000 0.100000
1086.900000    620.000000 0.000000 2.000000    49411145.705694 0.100000 0.100000
1087.900000    621.000000 0.000000 2.000000    49411145.705694 0.100000 0.100000
1088.900000    622.000000 0.000000 2.000000    49411145.705694 0.100000 0.100000
1089.900000    623.000000 0.000000 2.000000    49411145.705694 0.100000 0.100000
1090.900000    624.000000 0.000000 2.000000    49411145.705694 0.100000 0.100000
1091.900000    624.000000 0.000000 2.000000    49411145.705694 0.100000 0.100000
1092.900000    624.000000 0.000000 2.000000    49411145.705694 0.100000 0.100000
1093.900000    624.000000 0.000000 2.000000    49411145.705694 0.100000 0.100000
1094.900000    624.000000 0.000000 2.000000    49411145.705694 0.100000 0.100000
1095.900000    624.000000 0.000000 2.000000    49411145.705694 0.100000 0.100000
1096.900000    625.000000 0.000000 2.000000    49411145.705694 0.100000 0.100000
1097.900000    625.000000 0.000000 2.000000    49411145.705694 0.100000 0.100000
1098.900000    625.000000 0.000000 2.000000    49411145.705694 0.100000 0.100000
1099.900000    625.000000 0.000000 2.000000    49411145.705694 0.100000 0.100000
1100.900000    625.000000 0.000000 2.000000    49411145.705694 0.100000 0.100000
1101.900000    625.000000 0.000000 2.000000    49411145.705694 0.100000 0.100000
1102.900000    626.000000 0.000000 2.000000    49411145.705694 0.100000 0.100000
1103.900000    627.000000 0.000000 2.000000    49411145.705694 0.100000 0.100000
1104.900000    628.000000 0.000000 2.000000    49411145.705694 0.100000 0.100000
1105.900000    628.000000 0.000000 2.000000    49411145.705694 0.100000 0.100000
1106.900000    628.000000 0.000000 2.000000    49411145.705694 0.100000 0.100000
1107.900000    629.000000 0.000000 2.000000    49411145.705694 0.100000 0.100000
1108.900000    630.000000 0.000000 2.000000    49411145.705694 0.100000 0.100000
1109.900000    631.000000 0.000000 2.000000    49411145.705694 0.100000 0.100000
1110.900000    632.000000 0.000000 2.000000    49411145.705694 0.100000 0.100000
1111.900000    632.000000 0.000000 2.000000    49411145.705694 0.100000 0.100000
1112.900000    632.000000 0.000000 2.000000    49411145.705694 0.100000 0.100000
1113.900000    632.000000 0.000000 2.000000    49411145.705694 0.100000 0.100000
1114.900000    633.000000 0.000000 2.000000    49411145.705694 0.100000 0.100000
1115.900000    634.000000 0.000000 2.000000    49411145.705694 0.100000 0.100000
1116.900000    636.000000 0.000000 2.000000    49411145.705694 0.100000 0.100000
1117.900000    637.000000 0.000000 2.000000    49411145.705694 0.100000 0.100000
1118.900000    637.000000 0.000000 2.000000    49411145.705694 0.100000 0.100000
1119.900000    637.000000 0.000000 2.000000    49411145.705694 0.100000 0.100000
1120.900000    637.000000 0.000000 2.000000    49411145.705694 0.100000 0.100000
1121.900000    638.000000 0.000000 2.000000    49411145.705694 0.100000 0.100000
1122.900000    638.000000 0.000000 2.000000    49411145.705694 0.100000 0.100000
1123.900000    638.000000 0.000000 2.000000    49411145.705694 0.100000 0.100000
1124.900000    638.000000 0.000000 2.000000    49411145.705694 0.100000 0.100000
1125.900000    638.000000 0.000000 2.000000    49411145.705694 0.100000 0.100000
1126.900000    638.000000 0.000000 2.000000    49411145.705694 0.100000 0.100000
1127.900000    638.000000 0.000000 2.000000    49411145.705694 0.100000 0.100000
1128.900000    639.000000 0.000000 2.000000    49411145.705694 0.100000 0.100000
1129.900000    639.000000 0.000000 2.000000    49411145.705694 0.100000 0.100000
1130.900000    639.000000 0.000000 2.000000    49411145.705694 0.100000 0.100000
1131.900000    640.000000 0.000000 2.000000    49411145.705694 0.100000 0.100000
1132.900000    640.000000 0.000000 2.000000    49411145.705694 0.100000 0.100000
1133.900000    640.000000 0.000000 2.000000    49411145.705694 0.100000 0.100000
1134.900000    640.000000 0.000000 2.000000    49411145.705694 0.100000 0.100000
1135.900000    640.000000 0.000000 2.000000    49411145.705694 0.100000 0.100000
1136.900000    642.000000 0.000000 2.000000    49411145.705694 0.100000 0.100000
1137.900000    642.000000 0.000000 2.000000    49411145.705694 0.100000 0.100000
1138.900000    642.000000 0.000000 2.000000    49411145.705694 0.100000 0.100000
1139.900000    642.000000 0.000000 2.000000    49411145.705694 0.100000 0.100000
1140.900000    643.000000 0.000000 2.000000    49411145.705694 0.100000 0.100000
1141.900000    645.000000 0.000000 2.000000    49411145.705694 0.100000 0.100000
1142.900000    645.000000 0.000000 2.000000    49411145.705694 0.100000 0.100000
1143.900000    645.000000 0.000000 2.000000    49411145.705694 0.100000 0.100000
1144.900000    645.000000 0.000000 2.000000    49411145.705694 0.100000 0.100000
1145.900000    646.000000 0.000000 2.000000    49411145.705694 0.100000 0.100000
1146.900000    646.000000 0.000000 2.000000    49411145.705694 0.100000 0.100000
1147.900000    646.000000 0.000000 2.000000    49411145.705694 0.100000 0.100000
1148.900000    646.000000 0.000000 2.000000    49411145.705694 0.100000 0.100000
1149.900000    646.000000 0.000000 2.000000    49411145.705694 0.100000 0.100000
1150.900000    646.000000 0.000000 2.000000    49411145.705694 0.100000 0.100000
1151.900000    646.000000 0.000000 2.000000    49411145.705694 0.100000 0.100000
1152.900000    646.000000 0.000000 2.000000    49411145.705694 0.100000 0.100000
1153.900000    646.000000 0.000000 2.000000    49411145.705694 0.100000 0.100000
1154.900000    650.000000 0.000000 2.000000    49411145.705694 0.100000 0.100000
1155.900000    650.000000 0.000000 2.000000    49411145.705694 0.100000 0.100000
1156.900000    653.000000 0.000000 2.000000    49411145.705694 0.100000 0.100000
1157.900000    654.000000 0.000000 2.000000    49411145.705694 0.100000 0.100000
1158.900000    656.000000 0.000000 2.000000    49411145.705694 0.100000 0.100000
1159.900000    656.000000 0.000000 2.000000    49411145.705694 0.100000 0.100000
1160.900000    656.000000 0.000000 2.000000    49411145.705694 0.100000 0.100000
1161.900000    656.000000 0.000000 2.000000    49411145.705694 0.100000 0.100000
1162.900000    656.000000 0.000000 2.000000    49411145.705694 0.100000 0.100000
1163.900000    656.000000 0.000000 2.000000    49411145.705694 0.100000 0.100000
1164.900000    657.000000 0.000000 2.000000    49411145.705694 0.100000 0.100000
1165.900000    657.000000 0.000000 2.000000    49411145.705694 0.100000 0.100000
1166.900000    660.000000 0.000000 2.000000    49411145.705694 0.100000 0.100000
1167.900000    660.000000 0.000000 2.000000    49411145.705694 0.100000 0.100000
1168.900000    660.000000 0.000000 2.000000    49411145.705694 0.100000 0.100000
1169.900000    661.000000 0.000000 2.000000    49411145.705694 0.100000 0.100000
1170.900000    663.000000 0.000000 2.000000    49411145.705694 0.100000 0.100000
1171.900000    664.000000 0.000000 2.000000    49411145.705694 0.100000 0.100000
1172.900000    668.000000 0.000000 2.000000    49411145.705694 0.100000 0.100000
1173.900000    668.000000 0.000000 2.000000    49411145.705694 0.100000 0.100000
1174.900000    669.000000 0.000000 2.000000    49411145.705694 0.100000 0.100000
1175.900000    670.000000 0.000000 2.000000    49411145.705694 0.100000 0.100000
1176.900000    671.000000 0.000000 2.000000    49411145.705694 0.100000 0.100000
1177.900000    673.000000 0.000000 2.000000    49411145.705694 0.100000 0.100000
1178.900000    675.000000 0.000000 2.000000    49411145.705694 0.100000 0.100000
1179.900000    677.000000 0.000000 2.000000    49411145.705694 0.100000 0.100000
1180.900000    678.000000 0.000000 2.000000    49411145.705694 0.100000 0.100000
1181.900000    679.000000 0.000000 2.000000    49411145.705694 0.100000 0.100000
1182.900000    681.000000 0.000000 2.000000    49411145.705694 0.100000 0.100000
1183.900000    682.000000 0.000000 2.000000    49411145.705694 0.100000 0.100000
1184.900000    685.000000 0.000000 2.000000    49411145.705694 0.100000 0.100000
1185.900000    686.000000 0.000000 2.000000    49411145.705694 0.100000 0.100000
1186.900000    686.000000 0.000000 2.000000    49411145.705694 0.100000 0.100000
1187.900000    686.000000 0.000000 2.000000    49411145.705694 0.100000 0.100000
1188.900000    686.000000 0.000000 2.000000    49411145.705694 0.100000 0.100000
1189.900000    687.000000 0.000000 2.000000    49411145.705694 0.100000 0.100000
1190.900000    690.000000 0.000000 2.000000    49411145.705694 0.100000 0.100000
1191.900000    690.000000 0.000000 2.000000    49411145.705694 0.100000 0.100000
1192.900000    691.000000 0.000000 2.000000    49411145.705694 0.100000 0.100000
1193.900000    691.000000 0.000000 2.000000    49411145.705694 0.100000 0.100000
1194.900000    691.000000 0.000000 2.000000    49411145.705694 0.100000 0.100000
1195.900000    691.000000 0.000000 2.000000    49411145.705694 0.100000 0.100000
