0.0 0.0 0.0 0.0 0.0 0.0 0.0 0.0 0.0 0.0 0.0 0.0 0.0 0.0 0.0 0.0 0.0 0.0 0.0 0.0 0.0 0.0 0.0 0.0 0.0 0.0 0.0 0.0 0.0 0.0 0.0 0.0 0.0 0.0 0.0 0.0 0.0 0.0 0.0 0.0 0.0 0.0 0.0 0.0 0.0 0.0 0.0 0.0 0.0 0.0 0.0 0.0 0.0 0.0 0.0 0.0 0.0 0.0 0.0 0.0 0.0 0.0 0.0 0.0 0.0 0.0 0.0 0.0 0.0 0.0 0.0 0.0 0.0 0.0 0.0 0.0 0.0 0.0 0.0 0.0 0.0 0.0 0.0 0.0 0.0 0.0 0.0 0.0 0.0 0.0 0.0 0.0 0.0 0.0 0.0 0.0 0.0 0.0 0.0 0.0 0.0
0.0 0.0 0.0 0.0 0.0 0.0 0.0 0.0 0.0 0.0 0.0 0.0 0.0 0.0 0.0 0.0 0.0 0.0 0.0 0.0 0.0 0.0 0.0 0.0 0.0 0.0 0.0 0.0 0.0 0.0 0.0 0.0 0.0 0.0 0.0 0.0 0.0 0.0 0.0 0.0 0.0 0.0 0.0 0.0 0.0 0.0 0.0 0.0 0.0 0.0 0.0 0.0 0.0 0.0 0.0 0.0 0.0 0.0 0.0 0.0 0.0 0.0 0.0 0.0 0.0 0.0 0.0 0.0 0.0 0.0 0.0 0.0 0.0 0.0 0.0 0.0 0.0 0.0 0.0 0.0 0.0 0.0 0.0 0.0 0.0 0.0 0.0 0.0 0.0 0.0 0.0 0.0 0.0 0.0 0.0 0.0 0.0 0.0 0.0 0.0 0.0
0.0 0.0 0.0 0.0 0.0 0.0 0.0 0.0 0.0 0.0 0.0 0.0 0.0 0.0 0.0 0.0 0.0 0.0 0.0 0.0 0.0 0.0 0.0 0.0 0.0 0.0 0.0 0.0 0.0 0.0 0.0 0.0 0.0 0.0 0.0 0.0 0.0 0.0 0.0 0.0 0.0 0.0 0.0 0.0 0.0 0.0 0.0 0.0 0.0 0.0 0.0 0.0 0.0 0.0 0.0 0.0 0.0 0.0 0.0 0.0 0.0 0.0 0.0 0.0 0.0 0.0 0.0 0.0 0.0 0.0 0.0 0.0 0.0 0.0 0.0 0.0 0.0 0.0 0.0 0.0 0.0 0.0 0.0 0.0 0.0 0.0 0.0 0.0 0.0 0.0 0.0 0.0 0.0 0.0 0.0 0.0 0.0 0.0 0.0 0.0 0.0
0.0 0.0 0.0 0.0 0.0 0.0 0.0 0.0 0.0 0.0 0.0 0.0 0.0 0.0 0.0 0.0 0.0 0.0 0.0 0.0 0.0 0.0 0.0 0.0 0.0 0.0 0.0 0.0 0.0 0.0 0.0 0.0 0.0 0.0 0.0 0.0 0.0 0.0 0.0 0.0 0.0 0.0 0.0 0.0 0.0 0.0 0.0 0.0 0.0 0.0 0.0 0.0 0.0 0.0 0.0 0.0 0.0 0.0 0.0 0.0 0.0 0.0 0.0 0.0 0.0 0.0 0.0 0.0 0.0 0.0 0.0 0.0 0.0 0.0 0.0 0.0 0.0 0.0 0.0 0.0 0.0 0.0 0.0 0.0 0.0 0.0 0.0 0.0 0.0 0.0 0.0 0.0 0.0 0.0 0.0 0.0 0.0 0.0 0.0 0.0 0.0
0.0 0.0 0.0 0.0 0.0 0.0 0.0 0.0 0.0 0.0 0.0 0.0 0.0 0.0 0.0 0.0 0.0 0.0 0.0 0.0 0.0 0.0 0.0 0.0 0.0 0.0 0.0 0.0 0.0 0.0 0.0 0.0 0.0 0.0 0.0 0.0 0.0 0.0 0.0 0.0 0.0 0.0 0.0 0.0 0.0 0.0 1.41397e-28 1.79767e-29 2.01693e-30 1.99703e-31 1.74498e-32 1.34559e-33 9.15683e-35 5.49911e-36 2.91442e-37 0.0 0.0 0.0 0.0 0.0 0.0 0.0 0.0 0.0 0.0 0.0 0.0 0.0 0.0 0.0 0.0 0.0 0.0 0.0 0.0 0.0 0.0 0.0 0.0 0.0 0.0 0.0 0.0 0.0 0.0 0.0 0.0 0.0 0.0 0.0 0.0 0.0 0.0 0.0 0.0 0.0 0.0 0.0 0.0 0.0 0.0
0.0 0.0 0.0 0.0 0.0 0.0 0.0 0.0 0.0 0.0 0.0 0.0 0.0 0.0 0.0 0.0 0.0 0.0 0.0 0.0 0.0 0.0 0.0 0.0 0.0 0.0 0.0 0.0 0.0 0.0 0.0 0.0 0.0 0.0 0.0 0.0 0.0 0.0 0.0 0.0 5.87661e-23 1.58167e-23 3.75679e-24 7.87466e-25 1.45666e-25 2.37794e-26 3.42575e-27 4.35535e-28 4.88657e-29 4.83836e-30 4.22771e-31 3.26006e-32 2.2185e-33 1.33231e-34 7.06099e-36 3.30247e-37 1.36309e-38 4.96506e-40 1.59602e-41 4.52755e-43 1.13345e-44 0.0 0.0 0.0 0.0 0.0 0.0 0.0 0.0 0.0 0.0 0.0 0.0 0.0 0.0 0.0 0.0 0.0 0.0 0.0 0.0 0.0 0.0 0.0 0.0 0.0 0.0 0.0 0.0 0.0 0.0 0.0 0.0 0.0 0.0 0.0 0.0 0.0 0.0 0.0 0.0
0.0 0.0 0.0 0.0 0.0 0.0 0.0 0.0 0.0 0.0 0.0 0.0 0.0 0.0 0.0 0.0 0.0 0.0 0.0 0.0 0.0 0.0 0.0 0.0 0.0 0.0 0.0 0.0 0.0 0.0 0.0 0.0 0.0 0.0 0.0 0.0 6.86011e-20 3.04416e-20 1.19211e-20 4.11982e-21 1.25647e-21 3.38175e-22 8.03237e-23 1.68368e-23 3.11449e-24 5.08426e-25 7.32457e-26 9.31215e-27 1.04479e-27 1.03449e-28 9.03924e-30 6.97031e-31 4.74336e-32 2.84861e-33 1.50971e-34 7.06099e-36 2.91442e-37 1.06158e-38 3.41243e-40 9.68033e-42 2.42342e-43 5.35404e-45 1.04387e-46 1.79608e-48 2.7272e-50 0.0 0.0 0.0 0.0 0.0 0.0 0.0 0.0 0.0 0.0 0.0 0.0 0.0 0.0 0.0 0.0 0.0 0.0 0.0 0.0 0.0 0.0 0.0 0.0 0.0 0.0 0.0 0.0 0.0 0.0 0.0 0.0 0.0 0.0 0.0 0.0
0.0 0.0 0.0 0.0 0.0 0.0 0.0 0.0 0.0 0.0 0.0 0.0 0.0 0.0 0.0 0.0 0.0 0.0 0.0 0.0 0.0 0.0 0.0 0.0 0.0 0.0 0.0 0.0 0.0 0.0 0.0 0.0 0.0 6.99751e-18 4.51793e-18 2.57424e-18 1.29441e-18 5.7439e-19 2.24934e-19 7.77353e-20 2.37079e-20 6.3809e-21 1.5156e-21 3.17686e-22 5.87661e-23 9.59329e-24 1.38205e-24 1.75707e-25 1.97138e-26 1.95193e-27 1.70558e-28 1.3152e-29 8.95006e-31 5.37493e-32 2.84861e-33 1.33231e-34 5.49911e-36 2.00305e-37 6.43879e-39 1.82654e-40 4.57266e-42 1.01023e-43 1.96964e-45 3.38895e-47 5.14586e-49 6.89545e-51 8.15419e-53 8.50966e-55 0.0 0.0 0.0 0.0 0.0 0.0 0.0 0.0 0.0 0.0 0.0 0.0 0.0 0.0 0.0 0.0 0.0 0.0 0.0 0.0 0.0 0.0 0.0 0.0 0.0 0.0 0.0 0.0 0.0 0.0 0.0 0.0 0.0
0.0 0.0 0.0 0.0 0.0 0.0 0.0 0.0 0.0 0.0 0.0 0.0 0.0 0.0 0.0 0.0 0.0 0.0 0.0 0.0 0.0 0.0 0.0 0.0 0.0 0.0 0.0 0.0 0.0 0.0 0.0 1.92107e-16 1.59262e-16 1.16519e-16 7.52303e-17 4.28649e-17 2.15538e-17 9.56446e-18 3.74549e-18 1.29441e-18 3.94772e-19 1.06252e-19 2.52369e-20 5.28995e-21 9.78543e-22 1.59743e-22 2.30131e-23 2.92579e-24 3.28264e-25 3.25026e-26 2.84004e-27 2.19001e-28 1.49032e-29 8.95006e-31 4.74336e-32 2.2185e-33 9.15683e-35 3.33538e-36 1.07215e-37 3.04147e-39 7.61417e-41 1.68219e-42 3.27975e-44 5.64312e-46 8.56862e-48 1.1482e-49 1.35779e-51 1.41699e-53 1.305e-55 1.06064e-57 0.0 0.0 0.0 0.0 0.0 0.0 0.0 0.0 0.0 0.0 0.0 0.0 0.0 0.0 0.0 0.0 0.0 0.0 0.0 0.0 0.0 0.0 0.0 0.0 0.0 0.0 0.0 0.0 0.0 0.0 0.0
0.0 0.0 0.0 0.0 0.0 0.0 0.0 0.0 0.0 0.0 0.0 0.0 0.0 0.0 0.0 0.0 0.0 0.0 0.0 0.0 0.0 0.0 0.0 0.0 0.0 0.0 0.0 0.0 0.0 2.823e-15 3.00506e-15 2.823e-15 2.34035e-15 1.71223e-15 1.1055e-15 6.29895e-16 3.16731e-16 1.40549e-16 5.50396e-17 1.90212e-17 5.80114e-18 1.56135e-18 3.70854e-19 7.77353e-20 1.43796e-20 2.3474e-21 3.38175e-22 4.29942e-23 4.82381e-24 4.77622e-25 4.17341e-26 3.21819e-27 2.19001e-28 1.3152e-29 6.97031e-31 3.26006e-32 1.34559e-33 4.9013e-35 1.57552e-36 4.46941e-38 1.11889e-39 2.47196e-41 4.81955e-43 8.2925e-45 1.25915e-46 1.68726e-48 1.99526e-50 2.08225e-52 1.91768e-54 1.5586e-56 1.11791e-58 7.07603e-61 0.0 0.0 0.0 0.0 0.0 0.0 0.0 0.0 0.0 0.0 0.0 0.0 0.0 0.0 0.0 0.0 0.0 0.0 0.0 0.0 0.0 0.0 0.0 0.0 0.0 0.0 0.0 0.0 0.0
0.0 0.0 0.0 0.0 0.0 0.0 0.0 0.0 0.0 0.0 0.0 0.0 0.0 0.0 0.0 0.0 0.0 0.0 0.0 0.0 0.0 0.0 0.0 0.0 0.0 0.0 0.0 2.22046e-14 3.03501e-14 3.66092e-14 3.89702e-14 3.66092e-14 3.03501e-14 2.22046e-14 1.43364e-14 8.16861e-15 4.10743e-15 1.82266e-15 7.13765e-16 2.46671e-16 7.52303e-17 2.0248e-17 4.80931e-18 1.00809e-18 1.86477e-19 3.04416e-20 4.38552e-21 5.57557e-22 6.25561e-23 6.1939e-24 5.41217e-25 4.17341e-26 2.84004e-27 1.70558e-28 9.03924e-30 4.22771e-31 1.74498e-32 6.3561e-34 2.04317e-35 5.79601e-37 1.451e-38 3.20569e-40 6.25009e-42 1.07539e-43 1.63289e-45 2.18807e-47 2.5875e-49 2.7003e-51 2.48689e-53 2.02122e-55 1.44972e-57 9.17633e-60 5.12586e-62 2.52684e-64 0.0 0.0 0.0 0.0 0.0 0.0 0.0 0.0 0.0 0.0 0.0 0.0 0.0 0.0 0.0 0.0 0.0 0.0 0.0 0.0 0.0 0.0 0.0 0.0 0.0 0.0 0.0
0.0 0.0 0.0 0.0 0.0 0.0 0.0 0.0 0.0 0.0 0.0 0.0 0.0 0.0 0.0 0.0 0.0 0.0 0.0 0.0 0.0 0.0 0.0 0.0 0.0 0.0 1.64071e-13 2.54118e-13 3.47338e-13 4.1897e-13 4.45991e-13 4.1897e-13 3.47338e-13 2.54118e-13 1.64071e-13 9.34848e-14 4.70071e-14 2.08593e-14 8.16861e-15 2.823e-15 8.60965e-16 2.31726e-16 5.50396e-17 1.15369e-17 2.13412e-18 3.48385e-19 5.01897e-20 6.3809e-21 7.15917e-22 7.08854e-23 6.1939e-24 4.77622e-25 3.25026e-26 1.95193e-27 1.03449e-28 4.83836e-30 1.99703e-31 7.27417e-33 2.33828e-34 6.63319e-36 1.66059e-37 3.66871e-39 7.15285e-41 1.23072e-42 1.86874e-44 2.50412e-46 2.96124e-48 3.09033e-50 2.84609e-52 2.31317e-54 1.65912e-56 1.05018e-58 5.86623e-61 2.89181e-63 1.25804e-65 4.82982e-68 0.0 0.0 0.0 0.0 0.0 0.0 0.0 0.0 0.0 0.0 0.0 0.0 0.0 0.0 0.0 0.0 0.0 0.0 0.0 0.0 0.0 0.0 0.0 0.0 0.0
0.0 0.0 0.0 0.0 0.0 0.0 0.0 0.0 0.0 0.0 0.0 0.0 0.0 0.0 0.0 0.0 0.0 0.0 0.0 0.0 0.0 0.0 0.0 0.0 4.74755e-13 9.44163e-13 1.65706e-12 2.5665e-12 3.50799e-12 4.23144e-12 4.50435e-12 4.23144e-12 3.50799e-12 2.5665e-12 1.65706e-12 9.44163e-13 4.74755e-13 2.10671e-13 8.25e-14 2.85112e-14 8.69544e-15 2.34035e-15 5.55881e-16 1.16519e-16 2.15538e-17 3.51857e-18 5.06898e-19 6.44448e-20 7.23051e-21 7.15917e-22 6.25561e-23 4.82381e-24 3.28264e-25 1.97138e-26 1.04479e-27 4.88657e-29 2.01693e-30 7.34665e-32 2.36158e-33 6.69928e-35 1.67713e-36 3.70527e-38 7.22412e-40 1.24298e-41 1.88736e-43 2.52907e-45 2.99074e-47 3.12112e-49 2.87445e-51 2.33621e-53 1.67565e-55 1.06064e-57 5.92469e-60 2.92063e-62 1.27057e-64 4.87794e-67 1.65267e-69 0.0 0.0 0.0 0.0 0.0 0.0 0.0 0.0 0.0 0.0 0.0 0.0 0.0 0.0 0.0 0.0 0.0 0.0 0.0 0.0 0.0 0.0 0.0 0.0
0.0 0.0 0.0 0.0 0.0 0.0 0.0 0.0 0.0 0.0 0.0 0.0 0.0 0.0 0.0 0.0 0.0 0.0 0.0 0.0 0.0 0.0 0.0 1.87769e-12 4.23144e-12 8.41523e-12 1.47692e-11 2.2875e-11 3.12664e-11 3.77144e-11 4.01468e-11 3.77144e-11 3.12664e-11 2.2875e-11 1.47692e-11 8.41523e-12 4.23144e-12 1.87769e-12 7.35315e-13 2.54118e-13 7.75016e-14 2.08593e-14 4.95451e-15 1.03852e-15 1.92107e-16 3.13606e-17 4.51793e-18 5.7439e-19 6.44448e-20 6.3809e-21 5.57557e-22 4.29942e-23 2.92579e-24 1.75707e-25 9.31215e-27 4.35535e-28 1.79767e-29 6.548e-31 2.10485e-32 5.971e-34 1.49481e-35 3.30247e-37 6.43879e-39 1.10786e-40 1.68219e-42 2.25413e-44 2.66562e-46 2.78182e-48 2.56197e-50 2.08225e-52 1.49349e-54 9.45338e-57 5.28062e-59 2.60313e-61 1.13245e-63 4.34766e-66 1.47301e-68 4.40422e-71 0.0 0.0 0.0 0.0 0.0 0.0 0.0 0.0 0.0 0.0 0.0 0.0 0.0 0.0 0.0 0.0 0.0 0.0 0.0 0.0 0.0 0.0 0.0
0.0 0.0 0.0 0.0 0.0 0.0 0.0 0.0 0.0 0.0 0.0 0.0 0.0 0.0 0.0 0.0 0.0 0.0 0.0 0.0 0.0 1.99879e-12 5.7837e-12 1.47692e-11 3.32829e-11 6.61909e-11 1.16169e-10 1.79926e-10 2.45929e-10 2.96647e-10 3.15779e-10 2.96647e-10 2.45929e-10 1.79926e-10 1.16169e-10 6.61909e-11 3.32829e-11 1.47692e-11 5.7837e-12 1.99879e-12 6.09597e-13 1.64071e-13 3.89702e-14 8.16861e-15 1.51104e-15 2.46671e-16 3.55363e-17 4.51793e-18 5.06898e-19 5.01897e-20 4.38552e-21 3.38175e-22 2.30131e-23 1.38205e-24 7.32457e-26 3.42575e-27 1.41397e-28 5.1504e-30 1.65559e-31 4.69656e-33 1.17576e-34 2.59759e-36 5.0645e-38 8.71396e-40 1.32314e-41 1.77301e-43 2.09667e-45 2.18807e-47 2.01515e-49 1.63781e-51 1.17472e-53 7.43566e-56 4.15353e-58 2.04752e-60 8.9074e-63 3.4197e-65 1.15861e-67 3.46419e-70 9.14067e-73 2.12847e-75 0.0 0.0 0.0 0.0 0.0 0.0 0.0 0.0 0.0 0.0 0.0 0.0 0.0 0.0 0.0 0.0 0.0 0.0 0.0 0.0 0.0
0.0 0.0 0.0 0.0 0.0 0.0 0.0 0.0 0.0 0.0 0.0 0.0 0.0 0.0 0.0 0.0 0.0 0.0 0.0 0.0 4.23144e-12 1.38744e-11 4.01468e-11 1.02518e-10 2.31029e-10 4.59456e-10 8.0637e-10 1.24893e-09 1.70709e-09 2.05914e-09 2.19194e-09 2.05914e-09 1.70709e-09 1.24893e-09 8.0637e-10 4.59456e-10 2.31029e-10 1.02518e-10 4.01468e-11 1.38744e-11 4.23144e-12 1.13888e-12 2.70507e-13 5.67014e-14 1.04887e-14 1.71223e-15 2.46671e-16 3.13606e-17 3.51857e-18 3.48385e-19 3.04416e-20 2.3474e-21 1.59743e-22 9.59329e-24 5.08426e-25 2.37794e-26 9.81493e-28 3.57509e-29 1.14921e-30 3.26006e-32 8.1614e-34 1.80309e-35 3.51546e-37 6.04868e-39 9.18444e-41 1.23072e-42 1.45538e-44 1.51882e-46 1.39879e-48 1.13687e-50 8.15419e-53 5.16137e-55 2.88312e-57 1.42126e-59 6.18296e-62 2.37374e-64 8.04237e-67 2.40462e-69 6.34488e-72 1.47745e-74 3.0361e-77 0.0 0.0 0.0 0.0 0.0 0.0 0.0 0.0 0.0 0.0 0.0 0.0 0.0 0.0 0.0 0.0 0.0 0.0 0.0 0.0
0.0 0.0 0.0 0.0 0.0 0.0 0.0 0.0 0.0 0.0 0.0 0.0 0.0 0.0 0.0 0.0 0.0 0.0 0.0 6.97647e-12 2.59207e-11 8.49908e-11 2.45929e-10 6.28002e-10 1.41522e-09 2.81451e-09 4.93962e-09 7.65063e-09 1.04572e-08 1.26138e-08 1.34273e-08 1.26138e-08 1.04572e-08 7.65063e-09 4.93962e-09 2.81451e-09 1.41522e-09 6.28002e-10 2.45929e-10 8.49908e-11 2.59207e-11 6.97647e-12 1.65706e-12 3.47338e-13 6.42511e-14 1.04887e-14 1.51104e-15 1.92107e-16 2.15538e-17 2.13412e-18 1.86477e-19 1.43796e-20 9.78543e-22 5.87661e-23 3.11449e-24 1.45666e-25 6.01237e-27 2.19001e-28 7.03977e-30 1.99703e-31 4.99946e-33 1.10452e-34 2.15348e-36 3.70527e-38 5.62615e-40 7.53905e-42 8.91528e-44 9.30393e-46 8.56862e-48 6.96416e-50 4.99505e-52 3.16172e-54 1.76612e-56 8.70626e-59 3.78752e-61 1.45409e-63 4.92655e-66 1.47301e-68 3.88671e-71 9.05049e-74 1.85984e-76 3.3728e-79 0.0 0.0 0.0 0.0 0.0 0.0 0.0 0.0 0.0 0.0 0.0 0.0 0.0 0.0 0.0 0.0 0.0 0.0 0.0
0.0 0.0 0.0 0.0 0.0 0.0 0.0 0.0 0.0 0.0 0.0 0.0 0.0 0.0 0.0 0.0 0.0 0.0 8.95797e-12 3.77144e-11 1.40126e-10 4.59456e-10 1.32948e-09 3.39495e-09 7.65063e-09 1.52151e-08 2.67033e-08 4.13589e-08 5.65309e-08 6.81893e-08 7.25872e-08 6.81893e-08 5.65309e-08 4.13589e-08 2.67033e-08 1.52151e-08 7.65063e-09 3.39495e-09 1.32948e-09 4.59456e-10 1.40126e-10 3.77144e-11 8.95797e-12 1.87769e-12 3.47338e-13 5.67014e-14 8.16861e-15 1.03852e-15 1.16519e-16 1.15369e-17 1.00809e-18 7.77353e-20 5.28995e-21 3.17686e-22 1.68368e-23 7.87466e-25 3.25026e-26 1.18391e-27 3.80566e-29 1.07958e-30 2.70268e-32 5.971e-34 1.16416e-35 2.00305e-37 3.04147e-39 4.07557e-41 4.81955e-43 5.02965e-45 4.63215e-47 3.76479e-49 2.7003e-51 1.70921e-53 9.54758e-56 4.70656e-58 2.04752e-60 7.86076e-63 2.66327e-65 7.96302e-68 2.10114e-70 4.89265e-73 1.00542e-75 1.82332e-78 2.91805e-81 0.0 0.0 0.0 0.0 0.0 0.0 0.0 0.0 0.0 0.0 0.0 0.0 0.0 0.0 0.0 0.0 0.0 0.0
0.0 0.0 0.0 0.0 0.0 0.0 0.0 0.0 0.0 0.0 0.0 0.0 0.0 0.0 0.0 0.0 0.0 8.95797e-12 4.27361e-11 1.79926e-10 6.68505e-10 2.19194e-09 6.34259e-09 1.61964e-08 3.64991e-08 7.25872e-08 1.27394e-07 1.97312e-07 2.69694e-07 3.25313e-07 3.46294e-07 3.25313e-07 2.69694e-07 1.97312e-07 1.27394e-07 7.25872e-08 3.64991e-08 1.61964e-08 6.34259e-09 2.19194e-09 6.68505e-10 1.79926e-10 4.27361e-11 8.95797e-12 1.65706e-12 2.70507e-13 3.89702e-14 4.95451e-15 5.55881e-16 5.50396e-17 4.80931e-18 3.70854e-19 2.52369e-20 1.5156e-21 8.03237e-23 3.75679e-24 1.55061e-25 5.6481e-27 1.81558e-28 5.1504e-30 1.28938e-31 2.84861e-33 5.5539e-35 9.55601e-37 1.451e-38 1.94435e-40 2.29928e-42 2.39951e-44 2.20988e-46 1.79608e-48 1.28824e-50 8.15419e-53 4.55489e-55 2.24537e-57 9.76816e-60 3.75016e-62 1.27057e-64 3.79894e-67 1.0024e-69 2.33415e-72 4.79658e-75 8.69858e-78 1.39212e-80 1.96616e-83 0.0 0.0 0.0 0.0 0.0 0.0 0.0 0.0 0.0 0.0 0.0 0.0 0.0 0.0 0.0 0.0 0.0
0.0 0.0 0.0 0.0 0.0 0.0 0.0 0.0 0.0 0.0 0.0 0.0 0.0 0.0 0.0 0.0 6.97647e-12 3.77144e-11 1.79926e-10 7.57515e-10 2.81451e-09 9.22842e-09 2.67033e-08 6.81893e-08 1.53667e-07 3.05603e-07 5.36351e-07 8.30716e-07 1.13545e-06 1.36962e-06 1.45795e-06 1.36962e-06 1.13545e-06 8.30716e-07 5.36351e-07 3.05603e-07 1.53667e-07 6.81893e-08 2.67033e-08 9.22842e-09 2.81451e-09 7.57515e-10 1.79926e-10 3.77144e-11 6.97647e-12 1.13888e-12 1.64071e-13 2.08593e-14 2.34035e-15 2.31726e-16 2.0248e-17 1.56135e-18 1.06252e-19 6.3809e-21 3.38175e-22 1.58167e-23 6.52832e-25 2.37794e-26 7.64388e-28 2.1684e-29 5.42848e-31 1.19931e-32 2.33828e-34 4.02323e-36 6.10895e-38 8.186e-40 9.68033e-42 1.01023e-43 9.30393e-46 7.56178e-48 5.42369e-50 3.43304e-52 1.91768e-54 9.45338e-57 4.11255e-59 1.57888e-61 5.34931e-64 1.59942e-66 4.22025e-69 9.82715e-72 2.01944e-74 3.66224e-77 5.86105e-80 8.27786e-83 1.03175e-85 0.0 0.0 0.0 0.0 0.0 0.0 0.0 0.0 0.0 0.0 0.0 0.0 0.0 0.0 0.0 0.0
0.0 0.0 0.0 0.0 0.0 0.0 0.0 0.0 0.0 0.0 0.0 0.0 0.0 0.0 0.0 4.23144e-12 2.59207e-11 1.40126e-10 6.68505e-10 2.81451e-09 1.04572e-08 3.42877e-08 9.92149e-08 2.53354e-07 5.70942e-07 1.13545e-06 1.99278e-06 3.08648e-06 4.21872e-06 5.08875e-06 5.41695e-06 5.08875e-06 4.21872e-06 3.08648e-06 1.99278e-06 1.13545e-06 5.70942e-07 2.53354e-07 9.92149e-08 3.42877e-08 1.04572e-08 2.81451e-09 6.68505e-10 1.40126e-10 2.59207e-11 4.23144e-12 6.09597e-13 7.75016e-14 8.69544e-15 8.60965e-16 7.52303e-17 5.80114e-18 3.94772e-19 2.37079e-20 1.25647e-21 5.87661e-23 2.42556e-24 8.83512e-26 2.84004e-27 8.05659e-29 2.01693e-30 4.45597e-32 8.68776e-34 1.49481e-35 2.26975e-37 3.04147e-39 3.59668e-41 3.75347e-43 3.45683e-45 2.80954e-47 2.01515e-49 1.27553e-51 7.12505e-54 3.51236e-56 1.528e-58 5.86623e-61 1.98751e-63 5.94255e-66 1.56801e-68 3.65123e-71 7.50312e-74 1.36069e-76 2.17765e-79 3.0756e-82 3.83341e-85 4.21652e-88 0.0 0.0 0.0 0.0 0.0 0.0 0.0 0.0 0.0 0.0 0.0 0.0 0.0 0.0 0.0
0.0 0.0 0.0 0.0 0.0 0.0 0.0 0.0 0.0 0.0 0.0 0.0 0.0 0.0 1.99879e-12 1.38744e-11 8.49908e-11 4.59456e-10 2.19194e-09 9.22842e-09 3.42877e-08 1.12425e-07 3.25313e-07 8.30716e-07 1.87205e-06 3.72301e-06 6.53409e-06 1.01202e-05 1.38327e-05 1.66854e-05 1.77615e-05 1.66854e-05 1.38327e-05 1.01202e-05 6.53409e-06 3.72301e-06 1.87205e-06 8.30716e-07 3.25313e-07 1.12425e-07 3.42877e-08 9.22842e-09 2.19194e-09 4.59456e-10 8.49908e-11 1.38744e-11 1.99879e-12 2.54118e-13 2.85112e-14 2.823e-15 2.46671e-16 1.90212e-17 1.29441e-18 7.77353e-20 4.11982e-21 1.92686e-22 7.95312e-24 2.89692e-25 9.31215e-27 2.64165e-28 6.61325e-30 1.46106e-31 2.84861e-33 4.9013e-35 7.44223e-37 9.97259e-39 1.17931e-40 1.23072e-42 1.13345e-44 9.21213e-47 6.60741e-49 4.1823e-51 2.33621e-53 1.15166e-55 5.01011e-58 1.92346e-60 6.5168e-63 1.94849e-65 5.14131e-68 1.19719e-70 2.46018e-73 4.46152e-76 7.14023e-79 1.00845e-81 1.25693e-84 1.38254e-87 1.34203e-90 0.0 0.0 0.0 0.0 0.0 0.0 0.0 0.0 0.0 0.0 0.0 0.0 0.0 0.0
0.0 0.0 0.0 0.0 0.0 0.0 0.0 0.0 0.0 0.0 0.0 0.0 0.0 0.0 5.7837e-12 4.01468e-11 2.45929e-10 1.32948e-09 6.34259e-09 2.67033e-08 9.92149e-08 3.25313e-07 9.41324e-07 2.40376e-06 5.41695e-06 1.07729e-05 1.8907e-05 2.92837e-05 4.00261e-05 4.82807e-05 5.13946e-05 4.82807e-05 4.00261e-05 2.92837e-05 1.8907e-05 1.07729e-05 5.41695e-06 2.40376e-06 9.41324e-07 3.25313e-07 9.92149e-08 2.67033e-08 6.34259e-09 1.32948e-09 2.45929e-10 4.01468e-11 5.7837e-12 7.35315e-13 8.25e-14 8.16861e-15 7.13765e-16 5.50396e-17 3.74549e-18 2.24934e-19 1.19211e-20 5.57557e-22 2.30131e-23 8.38253e-25 2.69456e-26 7.64388e-28 1.91361e-29 4.22771e-31 8.24272e-33 1.41824e-34 2.15348e-36 2.88567e-38 3.41243e-40 3.56119e-42 3.27975e-44 2.66562e-46 1.91192e-48 1.21019e-50 6.76006e-53 3.33243e-55 1.44972e-57 5.56573e-60 1.8857e-62 5.63813e-65 1.48769e-67 3.46419e-70 7.11876e-73 1.29098e-75 2.06609e-78 2.91805e-81 3.63704e-84 4.00052e-87 3.88328e-90 0.0 0.0 0.0 0.0 0.0 0.0 0.0 0.0 0.0 0.0 0.0 0.0 0.0 0.0
0.0 0.0 0.0 0.0 0.0 0.0 0.0 0.0 0.0 0.0 0.0 0.0 0.0 1.87769e-12 1.47692e-11 1.02518e-10 6.28002e-10 3.39495e-09 1.61964e-08 6.81893e-08 2.53354e-07 8.30716e-07 2.40376e-06 6.13821e-06 1.38327e-05 2.75095e-05 4.82807e-05 7.47787e-05 0.00010221 0.000123289 0.000131241 0.000123289 0.00010221 7.47787e-05 4.82807e-05 2.75095e-05 1.38327e-05 6.13821e-06 2.40376e-06 8.30716e-07 2.53354e-07 6.81893e-08 1.61964e-08 3.39495e-09 6.28002e-10 1.02518e-10 1.47692e-11 1.87769e-12 2.10671e-13 2.08593e-14 1.82266e-15 1.40549e-16 9.56446e-18 5.7439e-19 3.04416e-20 1.42377e-21 5.87661e-23 2.14055e-24 6.8808e-26 1.95193e-27 4.88657e-29 1.07958e-30 2.10485e-32 3.6216e-34 5.49911e-36 7.36881e-38 8.71396e-40 9.09383e-42 8.37513e-44 6.8069e-46 4.88225e-48 3.09033e-50 1.72624e-52 8.50966e-55 3.702e-57 1.42126e-59 4.8153e-62 1.43975e-64 3.79894e-67 8.84612e-70 1.81784e-72 3.29664e-75 5.27595e-78 7.45149e-81 9.2875e-84 1.02157e-86 9.91631e-90 8.49464e-93 0.0 0.0 0.0 0.0 0.0 0.0 0.0 0.0 0.0 0.0 0.0 0.0 0.0
0.0 0.0 0.0 0.0 0.0 0.0 0.0 0.0 0.0 0.0 0.0 0.0 4.74755e-13 4.23144e-12 3.32829e-11 2.31029e-10 1.41522e-09 7.65063e-09 3.64991e-08 1.53667e-07 5.70942e-07 1.87205e-06 5.41695e-06 1.38327e-05 3.11724e-05 6.19937e-05 0.000108802 0.000168516 0.000230335 0.000277836 0.000295755 0.000277836 0.000230335 0.000168516 0.000108802 6.19937e-05 3.11724e-05 1.38327e-05 5.41695e-06 1.87205e-06 5.70942e-07 1.53667e-07 3.64991e-08 7.65063e-09 1.41522e-09 2.31029e-10 3.32829e-11 4.23144e-12 4.74755e-13 4.70071e-14 4.10743e-15 3.16731e-16 2.15538e-17 1.29441e-18 6.86011e-20 3.20852e-21 1.32431e-22 4.82381e-24 1.55061e-25 4.39875e-27 1.1012e-28 2.43288e-30 4.74336e-32 8.1614e-34 1.23924e-35 1.66059e-37 1.96372e-39 2.04933e-41 1.88736e-43 1.53396e-45 1.10023e-47 6.96416e-50 3.89015e-52 1.91768e-54 8.34258e-57 3.20285e-59 1.08514e-61 3.24452e-64 8.56105e-67 1.9935e-69 4.09656e-72 7.4291e-75 1.18895e-77 1.67922e-80 2.09297e-83 2.30214e-86 2.23467e-89 1.9143e-92 1.44716e-95 0.0 0.0 0.0 0.0 0.0 0.0 0.0 0.0 0.0 0.0 0.0 0.0
0.0 0.0 0.0 0.0 0.0 0.0 0.0 0.0 0.0 0.0 0.0 9.34848e-14 9.44163e-13 8.41523e-12 6.61909e-11 4.59456e-10 2.81451e-09 1.52151e-08 7.25872e-08 3.05603e-07 1.13545e-06 3.72301e-06 1.07729e-05 2.75095e-05 6.19937e-05 0.000123289 0.000216379 0.000335135 0.000458075 0.000552544 0.00058818 0.000552544 0.000458075 0.000335135 0.000216379 0.000123289 6.19937e-05 2.75095e-05 1.07729e-05 3.72301e-06 1.13545e-06 3.05603e-07 7.25872e-08 1.52151e-08 2.81451e-09 4.59456e-10 6.61909e-11 8.41523e-12 9.44163e-13 9.34848e-14 8.16861e-15 6.29895e-16 4.28649e-17 2.57424e-18 1.3643e-19 6.3809e-21 2.63371e-22 9.59329e-24 3.08376e-25 8.74795e-27 2.19001e-28 4.83836e-30 9.43329e-32 1.62309e-33 2.46453e-35 3.30247e-37 3.90532e-39 4.07557e-41 3.75347e-43 3.05064e-45 2.18807e-47 1.38499e-49 7.73648e-52 3.81377e-54 1.65912e-56 6.36964e-59 2.15807e-61 6.4525e-64 1.70257e-66 3.96455e-69 8.14699e-72 1.47745e-74 2.36452e-77 3.33953e-80 4.16237e-83 4.57836e-86 4.44418e-89 3.80703e-92 2.87803e-95 0.0 0.0 0.0 0.0 0.0 0.0 0.0 0.0 0.0 0.0 0.0 0.0
0.0 0.0 0.0 0.0 0.0 0.0 0.0 0.0 0.0 0.0 0.0 1.64071e-13 1.65706e-12 1.47692e-11 1.16169e-10 8.0637e-10 4.93962e-09 2.67033e-08 1.27394e-07 5.36351e-07 1.99278e-06 6.53409e-06 1.8907e-05 4.82807e-05 0.000108802 0.000216379 0.000379757 0.00058818 0.000803946 0.000969745 0.00103229 0.000969745 0.000803946 0.00058818 0.000379757 0.000216379 0.000108802 4.82807e-05 1.8907e-05 6.53409e-06 1.99278e-06 5.36351e-07 1.27394e-07 2.67033e-08 4.93962e-09 8.0637e-10 1.16169e-10 1.47692e-11 1.65706e-12 1.64071e-13 1.43364e-14 1.1055e-15 7.52303e-17 4.51793e-18 2.39441e-19 1.11988e-20 4.62231e-22 1.68368e-23 5.41217e-25 1.53531e-26 3.84358e-28 8.49158e-30 1.65559e-31 2.84861e-33 4.32538e-35 5.79601e-37 6.85406e-39 7.15285e-41 6.58755e-43 5.35404e-45 3.84019e-47 2.43073e-49 1.35779e-51 6.69337e-54 2.91185e-56 1.11791e-58 3.78752e-61 1.13245e-63 2.9881e-66 6.95801e-69 1.42984e-71 2.59301e-74 4.14986e-77 5.86105e-80 7.30519e-83 8.03527e-86 7.79978e-89 6.68155e-92 5.0511e-95 3.36983e-98 0.0 0.0 0.0 0.0 0.0 0.0 0.0 0.0 0.0 0.0 0.0
0.0 0.0 0.0 0.0 0.0 0.0 0.0 0.0 0.0 0.0 2.22046e-14 2.54118e-13 2.5665e-12 2.2875e-11 1.79926e-10 1.24893e-09 7.65063e-09 4.13589e-08 1.97312e-07 8.30716e-07 3.08648e-06 1.01202e-05 2.92837e-05 7.47787e-05 0.000168516 0.000335135 0.00058818 0.000910991 0.00124518 0.00150197 0.00159884 0.00150197 0.00124518 0.000910991 0.00058818 0.000335135 0.000168516 7.47787e-05 2.92837e-05 1.01202e-05 3.08648e-06 8.30716e-07 1.97312e-07 4.13589e-08 7.65063e-09 1.24893e-09 1.79926e-10 2.2875e-11 2.5665e-12 2.54118e-13 2.22046e-14 1.71223e-15 1.16519e-16 6.99751e-18 3.70854e-19 1.73451e-20 7.15917e-22 2.60773e-23 8.38253e-25 2.37794e-26 5.95306e-28 1.3152e-29 2.56423e-31 4.41201e-33 6.69928e-35 8.97704e-37 1.06158e-38 1.10786e-40 1.0203e-42 8.2925e-45 5.9478e-47 3.76479e-49 2.10299e-51 1.03669e-53 4.50996e-56 1.73145e-58 5.86623e-61 1.75397e-63 4.62806e-66 1.07768e-68 2.21458e-71 4.01613e-74 6.42743e-77 9.07778e-80 1.13145e-82 1.24453e-85 1.20805e-88 1.03486e-91 7.8233e-95 5.21929e-98 3.07288e-101 0.0 0.0 0.0 0.0 0.0 0.0 0.0 0.0 0.0 0.0
0.0 0.0 0.0 0.0 0.0 0.0 0.0 0.0 0.0 0.0 3.03501e-14 3.47338e-13 3.50799e-12 3.12664e-11 2.45929e-10 1.70709e-09 1.04572e-08 5.65309e-08 2.69694e-07 1.13545e-06 4.21872e-06 1.38327e-05 4.00261e-05 0.00010221 0.000230335 0.000458075 0.000803946 0.00124518 0.00170195 0.00205295 0.00218535 0.00205295 0.00170195 0.00124518 0.000803946 0.000458075 0.000230335 0.00010221 4.00261e-05 1.38327e-05 4.21872e-06 1.13545e-06 2.69694e-07 5.65309e-08 1.04572e-08 1.70709e-09 2.45929e-10 3.12664e-11 3.50799e-12 3.47338e-13 3.03501e-14 2.34035e-15 1.59262e-16 9.56446e-18 5.06898e-19 2.37079e-20 9.78543e-22 3.56434e-23 1.14576e-24 3.25026e-26 8.13686e-28 1.79767e-29 3.50489e-31 6.0305e-33 9.15683e-35 1.22702e-36 1.451e-38 1.51426e-40 1.39458e-42 1.13345e-44 8.12968e-47 5.14586e-49 2.87445e-51 1.41699e-53 6.16438e-56 2.36661e-58 8.01819e-61 2.3974e-63 6.32581e-66 1.47301e-68 3.02697e-71 5.4894e-74 8.78525e-77 1.24079e-79 1.54651e-82 1.70107e-85 1.65121e-88 1.41449e-91 1.06932e-94 7.13392e-98 4.20013e-101 0.0 0.0 0.0 0.0 0.0 0.0 0.0 0.0 0.0 0.0
0.0 0.0 0.0 0.0 0.0 0.0 0.0 0.0 0.0 2.823e-15 3.66092e-14 4.1897e-13 4.23144e-12 3.77144e-11 2.96647e-10 2.05914e-09 1.26138e-08 6.81893e-08 3.25313e-07 1.36962e-06 5.08875e-06 1.66854e-05 4.82807e-05 0.000123289 0.000277836 0.000552544 0.000969745 0.00150197 0.00205295 0.00247633 0.00263604 0.00247633 0.00205295 0.00150197 0.000969745 0.000552544 0.000277836 0.000123289 4.82807e-05 1.66854e-05 5.08875e-06 1.36962e-06 3.25313e-07 6.81893e-08 1.26138e-08 2.05914e-09 2.96647e-10 3.77144e-11 4.23144e-12 4.1897e-13 3.66092e-14 2.823e-15 1.92107e-16 1.15369e-17 6.11435e-19 2.85972e-20 1.18035e-21 4.29942e-23 1.38205e-24 3.92056e-26 9.81493e-28 2.1684e-29 4.22771e-31 7.27417e-33 1.10452e-34 1.48006e-36 1.75024e-38 1.82654e-40 1.68219e-42 1.3672e-44 9.80626e-47 6.20709e-49 3.46725e-51 1.70921e-53 7.43566e-56 2.85467e-58 9.67178e-61 2.89181e-63 7.63038e-66 1.77679e-68 3.65123e-71 6.62148e-74 1.0597e-76 1.49667e-79 1.86545e-82 2.05188e-85 1.99174e-88 1.70619e-91 1.28984e-94 8.60515e-98 5.06633e-101 2.63234e-104 0.0 0.0 0.0 0.0 0.0 0.0 0.0 0.0 0.0
0.0 0.0 0.0 0.0 0.0 0.0 0.0 0.0 0.0 3.00506e-15 3.89702e-14 4.45991e-13 4.50435e-12 4.01468e-11 3.15779e-10 2.19194e-09 1.34273e-08 7.25872e-08 3.46294e-07 1.45795e-06 5.41695e-06 1.77615e-05 5.13946e-05 0.000131241 0.000295755 0.00058818 0.00103229 0.00159884 0.00218535 0.00263604 0.00280605 0.00263604 0.00218535 0.00159884 0.00103229 0.00058818 0.000295755 0.000131241 5.13946e-05 1.77615e-05 5.41695e-06 1.45795e-06 3.46294e-07 7.25872e-08 1.34273e-08 2.19194e-09 3.15779e-10 4.01468e-11 4.50435e-12 4.45991e-13 3.89702e-14 3.00506e-15 2.04497e-16 1.2281e-17 6.50869e-19 3.04416e-20 1.25647e-21 4.5767e-23 1.47118e-24 4.17341e-26 1.04479e-27 2.30825e-29 4.50037e-31 7.74332e-33 1.17576e-34 1.57552e-36 1.86313e-38 1.94435e-40 1.79068e-42 1.45538e-44 1.04387e-46 6.60741e-49 3.69087e-51 1.81945e-53 7.91522e-56 3.03878e-58 1.02956e-60 3.07832e-63 8.1225e-66 1.89138e-68 3.88671e-71 7.04853e-74 1.12805e-76 1.5932e-79 1.98576e-82 2.18421e-85 2.1202e-88 1.81623e-91 1.37303e-94 9.16014e-98 5.39308e-101 2.80211e-104 0.0 0.0 0.0 0.0 0.0 0.0 0.0 0.0 0.0
0.0 0.0 0.0 0.0 0.0 0.0 0.0 0.0 1.92107e-16 2.823e-15 3.66092e-14 4.1897e-13 4.23144e-12 3.77144e-11 2.96647e-10 2.05914e-09 1.26138e-08 6.81893e-08 3.25313e-07 1.36962e-06 5.08875e-06 1.66854e-05 4.82807e-05 0.000123289 0.000277836 0.000552544 0.000969745 0.00150197 0.00205295 0.00247633 0.00263604 0.00247633 0.00205295 0.00150197 0.000969745 0.000552544 0.000277836 0.000123289 4.82807e-05 1.66854e-05 5.08875e-06 1.36962e-06 3.25313e-07 6.81893e-08 1.26138e-08 2.05914e-09 2.96647e-10 3.77144e-11 4.23144e-12 4.1897e-13 3.66092e-14 2.823e-15 1.92107e-16 1.15369e-17 6.11435e-19 2.85972e-20 1.18035e-21 4.29942e-23 1.38205e-24 3.92056e-26 9.81493e-28 2.1684e-29 4.22771e-31 7.27417e-33 1.10452e-34 1.48006e-36 1.75024e-38 1.82654e-40 1.68219e-42 1.3672e-44 9.80626e-47 6.20709e-49 3.46725e-51 1.70921e-53 7.43566e-56 2.85467e-58 9.67178e-61 2.89181e-63 7.63038e-66 1.77679e-68 3.65123e-71 6.62148e-74 1.0597e-76 1.49667e-79 1.86545e-82 2.05188e-85 1.99174e-88 1.70619e-91 1.28984e-94 8.60515e-98 5.06633e-101 2.63234e-104 1.20699e-107 0.0 0.0 0.0 0.0 0.0 0.0 0.0 0.0
0.0 0.0 0.0 0.0 0.0 0.0 0.0 0.0 1.59262e-16 2.34035e-15 3.03501e-14 3.47338e-13 3.50799e-12 3.12664e-11 2.45929e-10 1.70709e-09 1.04572e-08 5.65309e-08 2.69694e-07 1.13545e-06 4.21872e-06 1.38327e-05 4.00261e-05 0.00010221 0.000230335 0.000458075 0.000803946 0.00124518 0.00170195 0.00205295 0.00218535 0.00205295 0.00170195 0.00124518 0.000803946 0.000458075 0.000230335 0.00010221 4.00261e-05 1.38327e-05 4.21872e-06 1.13545e-06 2.69694e-07 5.65309e-08 1.04572e-08 1.70709e-09 2.45929e-10 3.12664e-11 3.50799e-12 3.47338e-13 3.03501e-14 2.34035e-15 1.59262e-16 9.56446e-18 5.06898e-19 2.37079e-20 9.78543e-22 3.56434e-23 1.14576e-24 3.25026e-26 8.13686e-28 1.79767e-29 3.50489e-31 6.0305e-33 9.15683e-35 1.22702e-36 1.451e-38 1.51426e-40 1.39458e-42 1.13345e-44 8.12968e-47 5.14586e-49 2.87445e-51 1.41699e-53 6.16438e-56 2.36661e-58 8.01819e-61 2.3974e-63 6.32581e-66 1.47301e-68 3.02697e-71 5.4894e-74 8.78525e-77 1.24079e-79 1.54651e-82 1.70107e-85 1.65121e-88 1.41449e-91 1.06932e-94 7.13392e-98 4.20013e-101 2.18228e-104 1.00063e-107 0.0 0.0 0.0 0.0 0.0 0.0 0.0 0.0
0.0 0.0 0.0 0.0 0.0 0.0 0.0 6.99751e-18 1.16519e-16 1.71223e-15 2.22046e-14 2.54118e-13 2.5665e-12 2.2875e-11 1.79926e-10 1.24893e-09 7.65063e-09 4.13589e-08 1.97312e-07 8.30716e-07 3.08648e-06 1.01202e-05 2.92837e-05 7.47787e-05 0.000168516 0.000335135 0.00058818 0.000910991 0.00124518 0.00150197 0.00159884 0.00150197 0.00124518 0.000910991 0.00058818 0.000335135 0.000168516 7.47787e-05 2.92837e-05 1.01202e-05 3.08648e-06 8.30716e-07 1.97312e-07 4.13589e-08 7.65063e-09 1.24893e-09 1.79926e-10 2.2875e-11 2.5665e-12 2.54118e-13 2.22046e-14 1.71223e-15 1.16519e-16 6.99751e-18 3.70854e-19 1.73451e-20 7.15917e-22 2.60773e-23 8.38253e-25 2.37794e-26 5.95306e-28 1.3152e-29 2.56423e-31 4.41201e-33 6.69928e-35 8.97704e-37 1.06158e-38 1.10786e-40 1.0203e-42 8.2925e-45 5.9478e-47 3.76479e-49 2.10299e-51 1.03669e-53 4.50996e-56 1.73145e-58 5.86623e-61 1.75397e-63 4.62806e-66 1.07768e-68 2.21458e-71 4.01613e-74 6.42743e-77 9.07778e-80 1.13145e-82 1.24453e-85 1.20805e-88 1.03486e-91 7.8233e-95 5.21929e-98 3.07288e-101 1.59659e-104 7.32075e-108 2.9623e-111 0.0 0.0 0.0 0.0 0.0 0.0 0.0
0.0 0.0 0.0 0.0 0.0 0.0 0.0 4.51793e-18 7.52303e-17 1.1055e-15 1.43364e-14 1.64071e-13 1.65706e-12 1.47692e-11 1.16169e-10 8.0637e-10 4.93962e-09 2.67033e-08 1.27394e-07 5.36351e-07 1.99278e-06 6.53409e-06 1.8907e-05 4.82807e-05 0.000108802 0.000216379 0.000379757 0.00058818 0.000803946 0.000969745 0.00103229 0.000969745 0.000803946 0.00058818 0.000379757 0.000216379 0.000108802 4.82807e-05 1.8907e-05 6.53409e-06 1.99278e-06 5.36351e-07 1.27394e-07 2.67033e-08 4.93962e-09 8.0637e-10 1.16169e-10 1.47692e-11 1.65706e-12 1.64071e-13 1.43364e-14 1.1055e-15 7.52303e-17 4.51793e-18 2.39441e-19 1.11988e-20 4.62231e-22 1.68368e-23 5.41217e-25 1.53531e-26 3.84358e-28 8.49158e-30 1.65559e-31 2.84861e-33 4.32538e-35 5.79601e-37 6.85406e-39 7.15285e-41 6.58755e-43 5.35404e-45 3.84019e-47 2.43073e-49 1.35779e-51 6.69337e-54 2.91185e-56 1.11791e-58 3.78752e-61 1.13245e-63 2.9881e-66 6.95801e-69 1.42984e-71 2.59301e-74 4.14986e-77 5.86105e-80 7.30519e-83 8.03527e-86 7.79978e-89 6.68155e-92 5.0511e-95 3.36983e-98 1.984e-101 1.03084e-104 4.72663e-108 1.91261e-111 0.0 0.0 0.0 0.0 0.0 0.0 0.0
0.0 0.0 0.0 0.0 0.0 0.0 0.0 2.57424e-18 4.28649e-17 6.29895e-16 8.16861e-15 9.34848e-14 9.44163e-13 8.41523e-12 6.61909e-11 4.59456e-10 2.81451e-09 1.52151e-08 7.25872e-08 3.05603e-07 1.13545e-06 3.72301e-06 1.07729e-05 2.75095e-05 6.19937e-05 0.000123289 0.000216379 0.000335135 0.000458075 0.000552544 0.00058818 0.000552544 0.000458075 0.000335135 0.000216379 0.000123289 6.19937e-05 2.75095e-05 1.07729e-05 3.72301e-06 1.13545e-06 3.05603e-07 7.25872e-08 1.52151e-08 2.81451e-09 4.59456e-10 6.61909e-11 8.41523e-12 9.44163e-13 9.34848e-14 8.16861e-15 6.29895e-16 4.28649e-17 2.57424e-18 1.3643e-19 6.3809e-21 2.63371e-22 9.59329e-24 3.08376e-25 8.74795e-27 2.19001e-28 4.83836e-30 9.43329e-32 1.62309e-33 2.46453e-35 3.30247e-37 3.90532e-39 4.07557e-41 3.75347e-43 3.05064e-45 2.18807e-47 1.38499e-49 7.73648e-52 3.81377e-54 1.65912e-56 6.36964e-59 2.15807e-61 6.4525e-64 1.70257e-66 3.96455e-69 8.14699e-72 1.47745e-74 2.36452e-77 3.33953e-80 4.16237e-83 4.57836e-86 4.44418e-89 3.80703e-92 2.87803e-95 1.92007e-98 1.13045e-101 5.87354e-105 2.69315e-108 1.08977e-111 0.0 0.0 0.0 0.0 0.0 0.0 0.0
0.0 0.0 0.0 0.0 0.0 0.0 6.86011e-20 1.29441e-18 2.15538e-17 3.16731e-16 4.10743e-15 4.70071e-14 4.74755e-13 4.23144e-12 3.32829e-11 2.31029e-10 1.41522e-09 7.65063e-09 3.64991e-08 1.53667e-07 5.70942e-07 1.87205e-06 5.41695e-06 1.38327e-05 3.11724e-05 6.19937e-05 0.000108802 0.000168516 0.000230335 0.000277836 0.000295755 0.000277836 0.000230335 0.000168516 0.000108802 6.19937e-05 3.11724e-05 1.38327e-05 5.41695e-06 1.87205e-06 5.70942e-07 1.53667e-07 3.64991e-08 7.65063e-09 1.41522e-09 2.31029e-10 3.32829e-11 4.23144e-12 4.74755e-13 4.70071e-14 4.10743e-15 3.16731e-16 2.15538e-17 1.29441e-18 6.86011e-20 3.20852e-21 1.32431e-22 4.82381e-24 1.55061e-25 4.39875e-27 1.1012e-28 2.43288e-30 4.74336e-32 8.1614e-34 1.23924e-35 1.66059e-37 1.96372e-39 2.04933e-41 1.88736e-43 1.53396e-45 1.10023e-47 6.96416e-50 3.89015e-52 1.91768e-54 8.34258e-57 3.20285e-59 1.08514e-61 3.24452e-64 8.56105e-67 1.9935e-69 4.09656e-72 7.4291e-75 1.18895e-77 1.67922e-80 2.09297e-83 2.30214e-86 2.23467e-89 1.9143e-92 1.44716e-95 9.65471e-99 5.68426e-102 2.9534e-105 1.3542e-108 5.47971e-112 1.95679e-115 0.0 0.0 0.0 0.0 0.0 0.0
0.0 0.0 0.0 0.0 0.0 0.0 3.04416e-20 5.7439e-19 9.56446e-18 1.40549e-16 1.82266e-15 2.08593e-14 2.10671e-13 1.87769e-12 1.47692e-11 1.02518e-10 6.28002e-10 3.39495e-09 1.61964e-08 6.81893e-08 2.53354e-07 8.30716e-07 2.40376e-06 6.13821e-06 1.38327e-05 2.75095e-05 4.82807e-05 7.47787e-05 0.00010221 0.000123289 0.000131241 0.000123289 0.00010221 7.47787e-05 4.82807e-05 2.75095e-05 1.38327e-05 6.13821e-06 2.40376e-06 8.30716e-07 2.53354e-07 6.81893e-08 1.61964e-08 3.39495e-09 6.28002e-10 1.02518e-10 1.47692e-11 1.87769e-12 2.10671e-13 2.08593e-14 1.82266e-15 1.40549e-16 9.56446e-18 5.7439e-19 3.04416e-20 1.42377e-21 5.87661e-23 2.14055e-24 6.8808e-26 1.95193e-27 4.88657e-29 1.07958e-30 2.10485e-32 3.6216e-34 5.49911e-36 7.36881e-38 8.71396e-40 9.09383e-42 8.37513e-44 6.8069e-46 4.88225e-48 3.09033e-50 1.72624e-52 8.50966e-55 3.702e-57 1.42126e-59 4.8153e-62 1.43975e-64 3.79894e-67 8.84612e-70 1.81784e-72 3.29664e-75 5.27595e-78 7.45149e-81 9.2875e-84 1.02157e-86 9.91631e-90 8.49464e-93 6.42175e-96 4.28425e-99 2.52238e-102 1.31056e-105 6.00923e-109 2.43161e-112 8.68322e-116 0.0 0.0 0.0 0.0 0.0 0.0
0.0 0.0 0.0 0.0 0.0 0.0 1.19211e-20 2.24934e-19 3.74549e-18 5.50396e-17 7.13765e-16 8.16861e-15 8.25e-14 7.35315e-13 5.7837e-12 4.01468e-11 2.45929e-10 1.32948e-09 6.34259e-09 2.67033e-08 9.92149e-08 3.25313e-07 9.41324e-07 2.40376e-06 5.41695e-06 1.07729e-05 1.8907e-05 2.92837e-05 4.00261e-05 4.82807e-05 5.13946e-05 4.82807e-05 4.00261e-05 2.92837e-05 1.8907e-05 1.07729e-05 5.41695e-06 2.40376e-06 9.41324e-07 3.25313e-07 9.92149e-08 2.67033e-08 6.34259e-09 1.32948e-09 2.45929e-10 4.01468e-11 5.7837e-12 7.35315e-13 8.25e-14 8.16861e-15 7.13765e-16 5.50396e-17 3.74549e-18 2.24934e-19 1.19211e-20 5.57557e-22 2.30131e-23 8.38253e-25 2.69456e-26 7.64388e-28 1.91361e-29 4.22771e-31 8.24272e-33 1.41824e-34 2.15348e-36 2.88567e-38 3.41243e-40 3.56119e-42 3.27975e-44 2.66562e-46 1.91192e-48 1.21019e-50 6.76006e-53 3.33243e-55 1.44972e-57 5.56573e-60 1.8857e-62 5.63813e-65 1.48769e-67 3.46419e-70 7.11876e-73 1.29098e-75 2.06609e-78 2.91805e-81 3.63704e-84 4.00052e-87 3.88328e-90 3.32655e-93 2.51479e-96 1.67774e-99 9.87777e-103 5.13224e-106 2.35325e-109 9.52231e-113 3.4004e-116 0.0 0.0 0.0 0.0 0.0 0.0
0.0 0.0 0.0 0.0 0.0 0.0 4.11982e-21 7.77353e-20 1.29441e-18 1.90212e-17 2.46671e-16 2.823e-15 2.85112e-14 2.54118e-13 1.99879e-12 1.38744e-11 8.49908e-11 4.59456e-10 2.19194e-09 9.22842e-09 3.42877e-08 1.12425e-07 3.25313e-07 8.30716e-07 1.87205e-06 3.72301e-06 6.53409e-06 1.01202e-05 1.38327e-05 1.66854e-05 1.77615e-05 1.66854e-05 1.38327e-05 1.01202e-05 6.53409e-06 3.72301e-06 1.87205e-06 8.30716e-07 3.25313e-07 1.12425e-07 3.42877e-08 9.22842e-09 2.19194e-09 4.59456e-10 8.49908e-11 1.38744e-11 1.99879e-12 2.54118e-13 2.85112e-14 2.823e-15 2.46671e-16 1.90212e-17 1.29441e-18 7.77353e-20 4.11982e-21 1.92686e-22 7.95312e-24 2.89692e-25 9.31215e-27 2.64165e-28 6.61325e-30 1.46106e-31 2.84861e-33 4.9013e-35 7.44223e-37 9.97259e-39 1.17931e-40 1.23072e-42 1.13345e-44 9.21213e-47 6.60741e-49 4.1823e-51 2.33621e-53 1.15166e-55 5.01011e-58 1.92346e-60 6.5168e-63 1.94849e-65 5.14131e-68 1.19719e-70 2.46018e-73 4.46152e-76 7.14023e-79 1.00845e-81 1.25693e-84 1.38254e-87 1.34203e-90 1.14962e-93 8.6909e-97 5.79811e-100 3.41367e-103 1.77365e-106 8.13261e-110 3.29082e-113 1.17515e-116 0.0 0.0 0.0 0.0 0.0 0.0
0.0 0.0 0.0 0.0 0.0 5.87661e-23 1.25647e-21 2.37079e-20 3.94772e-19 5.80114e-18 7.52303e-17 8.60965e-16 8.69544e-15 7.75016e-14 6.09597e-13 4.23144e-12 2.59207e-11 1.40126e-10 6.68505e-10 2.81451e-09 1.04572e-08 3.42877e-08 9.92149e-08 2.53354e-07 5.70942e-07 1.13545e-06 1.99278e-06 3.08648e-06 4.21872e-06 5.08875e-06 5.41695e-06 5.08875e-06 4.21872e-06 3.08648e-06 1.99278e-06 1.13545e-06 5.70942e-07 2.53354e-07 9.92149e-08 3.42877e-08 1.04572e-08 2.81451e-09 6.68505e-10 1.40126e-10 2.59207e-11 4.23144e-12 6.09597e-13 7.75016e-14 8.69544e-15 8.60965e-16 7.52303e-17 5.80114e-18 3.94772e-19 2.37079e-20 1.25647e-21 5.87661e-23 2.42556e-24 8.83512e-26 2.84004e-27 8.05659e-29 2.01693e-30 4.45597e-32 8.68776e-34 1.49481e-35 2.26975e-37 3.04147e-39 3.59668e-41 3.75347e-43 3.45683e-45 2.80954e-47 2.01515e-49 1.27553e-51 7.12505e-54 3.51236e-56 1.528e-58 5.86623e-61 1.98751e-63 5.94255e-66 1.56801e-68 3.65123e-71 7.50312e-74 1.36069e-76 2.17765e-79 3.0756e-82 3.83341e-85 4.21652e-88 4.09295e-91 3.50616e-94 2.65057e-97 1.76832e-100 1.04111e-103 5.40934e-107 2.48031e-110 1.00364e-113 3.58399e-117 1.12945e-120 0.0 0.0 0.0 0.0 0.0
0.0 0.0 0.0 0.0 0.0 1.58167e-23 3.38175e-22 6.3809e-21 1.06252e-19 1.56135e-18 2.0248e-17 2.31726e-16 2.34035e-15 2.08593e-14 1.64071e-13 1.13888e-12 6.97647e-12 3.77144e-11 1.79926e-10 7.57515e-10 2.81451e-09 9.22842e-09 2.67033e-08 6.81893e-08 1.53667e-07 3.05603e-07 5.36351e-07 8.30716e-07 1.13545e-06 1.36962e-06 1.45795e-06 1.36962e-06 1.13545e-06 8.30716e-07 5.36351e-07 3.05603e-07 1.53667e-07 6.81893e-08 2.67033e-08 9.22842e-09 2.81451e-09 7.57515e-10 1.79926e-10 3.77144e-11 6.97647e-12 1.13888e-12 1.64071e-13 2.08593e-14 2.34035e-15 2.31726e-16 2.0248e-17 1.56135e-18 1.06252e-19 6.3809e-21 3.38175e-22 1.58167e-23 6.52832e-25 2.37794e-26 7.64388e-28 2.1684e-29 5.42848e-31 1.19931e-32 2.33828e-34 4.02323e-36 6.10895e-38 8.186e-40 9.68033e-42 1.01023e-43 9.30393e-46 7.56178e-48 5.42369e-50 3.43304e-52 1.91768e-54 9.45338e-57 4.11255e-59 1.57888e-61 5.34931e-64 1.59942e-66 4.22025e-69 9.82715e-72 2.01944e-74 3.66224e-77 5.86105e-80 8.27786e-83 1.03175e-85 1.13486e-88 1.1016e-91 9.4367e-95 7.13392e-98 4.75938e-101 2.80211e-104 1.4559e-107 6.67566e-111 2.70127e-114 9.64619e-118 3.03988e-121 0.0 0.0 0.0 0.0 0.0
0.0 0.0 0.0 0.0 0.0 3.75679e-24 8.03237e-23 1.5156e-21 2.52369e-20 3.70854e-19 4.80931e-18 5.50396e-17 5.55881e-16 4.95451e-15 3.89702e-14 2.70507e-13 1.65706e-12 8.95797e-12 4.27361e-11 1.79926e-10 6.68505e-10 2.19194e-09 6.34259e-09 1.61964e-08 3.64991e-08 7.25872e-08 1.27394e-07 1.97312e-07 2.69694e-07 3.25313e-07 3.46294e-07 3.25313e-07 2.69694e-07 1.97312e-07 1.27394e-07 7.25872e-08 3.64991e-08 1.61964e-08 6.34259e-09 2.19194e-09 6.68505e-10 1.79926e-10 4.27361e-11 8.95797e-12 1.65706e-12 2.70507e-13 3.89702e-14 4.95451e-15 5.55881e-16 5.50396e-17 4.80931e-18 3.70854e-19 2.52369e-20 1.5156e-21 8.03237e-23 3.75679e-24 1.55061e-25 5.6481e-27 1.81558e-28 5.1504e-30 1.28938e-31 2.84861e-33 5.5539e-35 9.55601e-37 1.451e-38 1.94435e-40 2.29928e-42 2.39951e-44 2.20988e-46 1.79608e-48 1.28824e-50 8.15419e-53 4.55489e-55 2.24537e-57 9.76816e-60 3.75016e-62 1.27057e-64 3.79894e-67 1.0024e-69 2.33415e-72 4.79658e-75 8.69858e-78 1.39212e-80 1.96616e-83 2.45062e-86 2.69553e-89 2.61653e-92 2.24141e-95 1.69446e-98 1.13045e-101 6.65559e-105 3.45808e-108 1.58561e-111 6.41608e-115 2.29117e-118 7.22035e-122 0.0 0.0 0.0 0.0 0.0
0.0 0.0 0.0 0.0 0.0 7.87466e-25 1.68368e-23 3.17686e-22 5.28995e-21 7.77353e-20 1.00809e-18 1.15369e-17 1.16519e-16 1.03852e-15 8.16861e-15 5.67014e-14 3.47338e-13 1.87769e-12 8.95797e-12 3.77144e-11 1.40126e-10 4.59456e-10 1.32948e-09 3.39495e-09 7.65063e-09 1.52151e-08 2.67033e-08 4.13589e-08 5.65309e-08 6.81893e-08 7.25872e-08 6.81893e-08 5.65309e-08 4.13589e-08 2.67033e-08 1.52151e-08 7.65063e-09 3.39495e-09 1.32948e-09 4.59456e-10 1.40126e-10 3.77144e-11 8.95797e-12 1.87769e-12 3.47338e-13 5.67014e-14 8.16861e-15 1.03852e-15 1.16519e-16 1.15369e-17 1.00809e-18 7.77353e-20 5.28995e-21 3.17686e-22 1.68368e-23 7.87466e-25 3.25026e-26 1.18391e-27 3.80566e-29 1.07958e-30 2.70268e-32 5.971e-34 1.16416e-35 2.00305e-37 3.04147e-39 4.07557e-41 4.81955e-43 5.02965e-45 4.63215e-47 3.76479e-49 2.7003e-51 1.70921e-53 9.54758e-56 4.70656e-58 2.04752e-60 7.86076e-63 2.66327e-65 7.96302e-68 2.10114e-70 4.89265e-73 1.00542e-75 1.82332e-78 2.91805e-81 4.12131e-84 5.13677e-87 5.65014e-90 5.48455e-93 4.69825e-96 3.55177e-99 2.36955e-102 1.39509e-105 7.24852e-109 3.32361e-112 1.34488e-115 4.80256e-119 1.51347e-122 0.0 0.0 0.0 0.0 0.0
0.0 0.0 0.0 0.0 0.0 1.45666e-25 3.11449e-24 5.87661e-23 9.78543e-22 1.43796e-20 1.86477e-19 2.13412e-18 2.15538e-17 1.92107e-16 1.51104e-15 1.04887e-14 6.42511e-14 3.47338e-13 1.65706e-12 6.97647e-12 2.59207e-11 8.49908e-11 2.45929e-10 6.28002e-10 1.41522e-09 2.81451e-09 4.93962e-09 7.65063e-09 1.04572e-08 1.26138e-08 1.34273e-08 1.26138e-08 1.04572e-08 7.65063e-09 4.93962e-09 2.81451e-09 1.41522e-09 6.28002e-10 2.45929e-10 8.49908e-11 2.59207e-11 6.97647e-12 1.65706e-12 3.47338e-13 6.42511e-14 1.04887e-14 1.51104e-15 1.92107e-16 2.15538e-17 2.13412e-18 1.86477e-19 1.43796e-20 9.78543e-22 5.87661e-23 3.11449e-24 1.45666e-25 6.01237e-27 2.19001e-28 7.03977e-30 1.99703e-31 4.99946e-33 1.10452e-34 2.15348e-36 3.70527e-38 5.62615e-40 7.53905e-42 8.91528e-44 9.30393e-46 8.56862e-48 6.96416e-50 4.99505e-52 3.16172e-54 1.76612e-56 8.70626e-59 3.78752e-61 1.45409e-63 4.92655e-66 1.47301e-68 3.88671e-71 9.05049e-74 1.85984e-76 3.3728e-79 5.39784e-82 7.62365e-85 9.50208e-88 1.04517e-90 1.01454e-93 8.6909e-97 6.57012e-100 4.38323e-103 2.58065e-106 1.34084e-109 6.14807e-113 2.48779e-116 8.88383e-120 2.79963e-123 0.0 0.0 0.0 0.0 0.0
0.0 0.0 0.0 0.0 0.0 2.37794e-26 5.08426e-25 9.59329e-24 1.59743e-22 2.3474e-21 3.04416e-20 3.48385e-19 3.51857e-18 3.13606e-17 2.46671e-16 1.71223e-15 1.04887e-14 5.67014e-14 2.70507e-13 1.13888e-12 4.23144e-12 1.38744e-11 4.01468e-11 1.02518e-10 2.31029e-10 4.59456e-10 8.0637e-10 1.24893e-09 1.70709e-09 2.05914e-09 2.19194e-09 2.05914e-09 1.70709e-09 1.24893e-09 8.0637e-10 4.59456e-10 2.31029e-10 1.02518e-10 4.01468e-11 1.38744e-11 4.23144e-12 1.13888e-12 2.70507e-13 5.67014e-14 1.04887e-14 1.71223e-15 2.46671e-16 3.13606e-17 3.51857e-18 3.48385e-19 3.04416e-20 2.3474e-21 1.59743e-22 9.59329e-24 5.08426e-25 2.37794e-26 9.81493e-28 3.57509e-29 1.14921e-30 3.26006e-32 8.1614e-34 1.80309e-35 3.51546e-37 6.04868e-39 9.18444e-41 1.23072e-42 1.45538e-44 1.51882e-46 1.39879e-48 1.13687e-50 8.15419e-53 5.16137e-55 2.88312e-57 1.42126e-59 6.18296e-62 2.37374e-64 8.04237e-67 2.40462e-69 6.34488e-72 1.47745e-74 3.0361e-77 5.50595e-80 8.81174e-83 1.24453e-85 1.55117e-88 1.70619e-91 1.65619e-94 1.41875e-97 1.07254e-100 7.15543e-104 4.2128e-107 2.18886e-110 1.00364e-113 4.0612e-117 1.45025e-120 4.57028e-124 0.0 0.0 0.0 0.0 0.0
0.0 0.0 0.0 0.0 0.0 3.42575e-27 7.32457e-26 1.38205e-24 2.30131e-23 3.38175e-22 4.38552e-21 5.01897e-20 5.06898e-19 4.51793e-18 3.55363e-17 2.46671e-16 1.51104e-15 8.16861e-15 3.89702e-14 1.64071e-13 6.09597e-13 1.99879e-12 5.7837e-12 1.47692e-11 3.32829e-11 6.61909e-11 1.16169e-10 1.79926e-10 2.45929e-10 2.96647e-10 3.15779e-10 2.96647e-10 2.45929e-10 1.79926e-10 1.16169e-10 6.61909e-11 3.32829e-11 1.47692e-11 5.7837e-12 1.99879e-12 6.09597e-13 1.64071e-13 3.89702e-14 8.16861e-15 1.51104e-15 2.46671e-16 3.55363e-17 4.51793e-18 5.06898e-19 5.01897e-20 4.38552e-21 3.38175e-22 2.30131e-23 1.38205e-24 7.32457e-26 3.42575e-27 1.41397e-28 5.1504e-30 1.65559e-31 4.69656e-33 1.17576e-34 2.59759e-36 5.0645e-38 8.71396e-40 1.32314e-41 1.77301e-43 2.09667e-45 2.18807e-47 2.01515e-49 1.63781e-51 1.17472e-53 7.43566e-56 4.15353e-58 2.04752e-60 8.9074e-63 3.4197e-65 1.15861e-67 3.46419e-70 9.14067e-73 2.12847e-75 4.37392e-78 7.93207e-81 1.26945e-83 1.79291e-86 2.23467e-89 2.45801e-92 2.38597e-95 2.0439e-98 1.54514e-101 1.03084e-104 6.06911e-108 3.15336e-111 1.44589e-114 5.85071e-118 2.08928e-121 6.58411e-125 0.0 0.0 0.0 0.0 0.0
0.0 0.0 0.0 0.0 1.79767e-29 4.35535e-28 9.31215e-27 1.75707e-25 2.92579e-24 4.29942e-23 5.57557e-22 6.3809e-21 6.44448e-20 5.7439e-19 4.51793e-18 3.13606e-17 1.92107e-16 1.03852e-15 4.95451e-15 2.08593e-14 7.75016e-14 2.54118e-13 7.35315e-13 1.87769e-12 4.23144e-12 8.41523e-12 1.47692e-11 2.2875e-11 3.12664e-11 3.77144e-11 4.01468e-11 3.77144e-11 3.12664e-11 2.2875e-11 1.47692e-11 8.41523e-12 4.23144e-12 1.87769e-12 7.35315e-13 2.54118e-13 7.75016e-14 2.08593e-14 4.95451e-15 1.03852e-15 1.92107e-16 3.13606e-17 4.51793e-18 5.7439e-19 6.44448e-20 6.3809e-21 5.57557e-22 4.29942e-23 2.92579e-24 1.75707e-25 9.31215e-27 4.35535e-28 1.79767e-29 6.548e-31 2.10485e-32 5.971e-34 1.49481e-35 3.30247e-37 6.43879e-39 1.10786e-40 1.68219e-42 2.25413e-44 2.66562e-46 2.78182e-48 2.56197e-50 2.08225e-52 1.49349e-54 9.45338e-57 5.28062e-59 2.60313e-61 1.13245e-63 4.34766e-66 1.47301e-68 4.40422e-71 1.16211e-73 2.70605e-76 5.56081e-79 1.00845e-81 1.61393e-84 2.27943e-87 2.84107e-90 3.125e-93 3.03342e-96 2.59853e-99 1.96443e-102 1.31056e-105 7.71601e-109 4.00904e-112 1.83824e-115 7.43834e-119 2.65622e-122 8.37075e-126 2.32798e-129 0.0 0.0 0.0 0.0
0.0 0.0 0.0 0.0 2.01693e-30 4.88657e-29 1.04479e-27 1.97138e-26 3.28264e-25 4.82381e-24 6.25561e-23 7.15917e-22 7.23051e-21 6.44448e-20 5.06898e-19 3.51857e-18 2.15538e-17 1.16519e-16 5.55881e-16 2.34035e-15 8.69544e-15 2.85112e-14 8.25e-14 2.10671e-13 4.74755e-13 9.44163e-13 1.65706e-12 2.5665e-12 3.50799e-12 4.23144e-12 4.50435e-12 4.23144e-12 3.50799e-12 2.5665e-12 1.65706e-12 9.44163e-13 4.74755e-13 2.10671e-13 8.25e-14 2.85112e-14 8.69544e-15 2.34035e-15 5.55881e-16 1.16519e-16 2.15538e-17 3.51857e-18 5.06898e-19 6.44448e-20 7.23051e-21 7.15917e-22 6.25561e-23 4.82381e-24 3.28264e-25 1.97138e-26 1.04479e-27 4.88657e-29 2.01693e-30 7.34665e-32 2.36158e-33 6.69928e-35 1.67713e-36 3.70527e-38 7.22412e-40 1.24298e-41 1.88736e-43 2.52907e-45 2.99074e-47 3.12112e-49 2.87445e-51 2.33621e-53 1.67565e-55 1.06064e-57 5.92469e-60 2.92063e-62 1.27057e-64 4.87794e-67 1.65267e-69 4.9414e-72 1.30385e-74 3.0361e-77 6.23906e-80 1.13145e-82 1.81078e-85 2.55745e-88 3.18759e-91 3.50616e-94 3.4034e-97 2.91547e-100 2.20403e-103 1.47041e-106 8.65712e-110 4.49802e-113 2.06245e-116 8.34559e-120 2.98019e-123 9.39172e-127 2.61192e-130 0.0 0.0 0.0 0.0
0.0 0.0 0.0 0.0 1.99703e-31 4.83836e-30 1.03449e-28 1.95193e-27 3.25026e-26 4.77622e-25 6.1939e-24 7.08854e-23 7.15917e-22 6.3809e-21 5.01897e-20 3.48385e-19 2.13412e-18 1.15369e-17 5.50396e-17 2.31726e-16 8.60965e-16 2.823e-15 8.16861e-15 2.08593e-14 4.70071e-14 9.34848e-14 1.64071e-13 2.54118e-13 3.47338e-13 4.1897e-13 4.45991e-13 4.1897e-13 3.47338e-13 2.54118e-13 1.64071e-13 9.34848e-14 4.70071e-14 2.08593e-14 8.16861e-15 2.823e-15 8.60965e-16 2.31726e-16 5.50396e-17 1.15369e-17 2.13412e-18 3.48385e-19 5.01897e-20 6.3809e-21 7.15917e-22 7.08854e-23 6.1939e-24 4.77622e-25 3.25026e-26 1.95193e-27 1.03449e-28 4.83836e-30 1.99703e-31 7.27417e-33 2.33828e-34 6.63319e-36 1.66059e-37 3.66871e-39 7.15285e-41 1.23072e-42 1.86874e-44 2.50412e-46 2.96124e-48 3.09033e-50 2.84609e-52 2.31317e-54 1.65912e-56 1.05018e-58 5.86623e-61 2.89181e-63 1.25804e-65 4.82982e-68 1.63637e-70 4.89265e-73 1.29098e-75 3.00615e-78 6.17751e-81 1.12029e-83 1.79291e-86 2.53222e-89 3.15614e-92 3.47157e-95 3.36983e-98 2.88671e-101 2.18228e-104 1.4559e-107 8.57171e-111 4.45364e-114 2.0421e-117 8.26325e-121 2.95079e-124 9.29907e-128 2.58615e-131 0.0 0.0 0.0 0.0
0.0 0.0 0.0 0.0 1.74498e-32 4.22771e-31 9.03924e-30 1.70558e-28 2.84004e-27 4.17341e-26 5.41217e-25 6.1939e-24 6.25561e-23 5.57557e-22 4.38552e-21 3.04416e-20 1.86477e-19 1.00809e-18 4.80931e-18 2.0248e-17 7.52303e-17 2.46671e-16 7.13765e-16 1.82266e-15 4.10743e-15 8.16861e-15 1.43364e-14 2.22046e-14 3.03501e-14 3.66092e-14 3.89702e-14 3.66092e-14 3.03501e-14 2.22046e-14 1.43364e-14 8.16861e-15 4.10743e-15 1.82266e-15 7.13765e-16 2.46671e-16 7.52303e-17 2.0248e-17 4.80931e-18 1.00809e-18 1.86477e-19 3.04416e-20 4.38552e-21 5.57557e-22 6.25561e-23 6.1939e-24 5.41217e-25 4.17341e-26 2.84004e-27 1.70558e-28 9.03924e-30 4.22771e-31 1.74498e-32 6.3561e-34 2.04317e-35 5.79601e-37 1.451e-38 3.20569e-40 6.25009e-42 1.07539e-43 1.63289e-45 2.18807e-47 2.5875e-49 2.7003e-51 2.48689e-53 2.02122e-55 1.44972e-57 9.17633e-60 5.12586e-62 2.52684e-64 1.09926e-66 4.22025e-69 1.42984e-71 4.27515e-74 1.12805e-76 2.62674e-79 5.39784e-82 9.78896e-85 1.56663e-87 2.21263e-90 2.75781e-93 3.03342e-96 2.94452e-99 2.52238e-102 1.90686e-105 1.27215e-108 7.48988e-112 3.89155e-115 1.78437e-118 7.22035e-122 2.57837e-125 8.12543e-129 2.25975e-132 0.0 0.0 0.0 0.0
0.0 0.0 0.0 0.0 1.34559e-33 3.26006e-32 6.97031e-31 1.3152e-29 2.19001e-28 3.21819e-27 4.17341e-26 4.77622e-25 4.82381e-24 4.29942e-23 3.38175e-22 2.3474e-21 1.43796e-20 7.77353e-20 3.70854e-19 1.56135e-18 5.80114e-18 1.90212e-17 5.50396e-17 1.40549e-16 3.16731e-16 6.29895e-16 1.1055e-15 1.71223e-15 2.34035e-15 2.823e-15 3.00506e-15 2.823e-15 2.34035e-15 1.71223e-15 1.1055e-15 6.29895e-16 3.16731e-16 1.40549e-16 5.50396e-17 1.90212e-17 5.80114e-18 1.56135e-18 3.70854e-19 7.77353e-20 1.43796e-20 2.3474e-21 3.38175e-22 4.29942e-23 4.82381e-24 4.77622e-25 4.17341e-26 3.21819e-27 2.19001e-28 1.3152e-29 6.97031e-31 3.26006e-32 1.34559e-33 4.9013e-35 1.57552e-36 4.46941e-38 1.11889e-39 2.47196e-41 4.81955e-43 8.2925e-45 1.25915e-46 1.68726e-48 1.99526e-50 2.08225e-52 1.91768e-54 1.5586e-56 1.11791e-58 7.07603e-61 3.95264e-63 1.94849e-65 8.47659e-68 3.2543e-70 1.10258e-72 3.29664e-75 8.69858e-78 2.02553e-80 4.16237e-83 7.54843e-86 1.20805e-88 1.70619e-91 2.12659e-94 2.33912e-97 2.27057e-100 1.94505e-103 1.47041e-106 9.8098e-110 5.77557e-113 3.00084e-116 1.37596e-119 5.56774e-123 1.98823e-126 6.26566e-130 1.74253e-133 0.0 0.0 0.0 0.0
0.0 0.0 0.0 0.0 9.15683e-35 2.2185e-33 4.74336e-32 8.95006e-31 1.49032e-29 2.19001e-28 2.84004e-27 3.25026e-26 3.28264e-25 2.92579e-24 2.30131e-23 1.59743e-22 9.78543e-22 5.28995e-21 2.52369e-20 1.06252e-19 3.94772e-19 1.29441e-18 3.74549e-18 9.56446e-18 2.15538e-17 4.28649e-17 7.52303e-17 1.16519e-16 1.59262e-16 1.92107e-16 2.04497e-16 1.92107e-16 1.59262e-16 1.16519e-16 7.52303e-17 4.28649e-17 2.15538e-17 9.56446e-18 3.74549e-18 1.29441e-18 3.94772e-19 1.06252e-19 2.52369e-20 5.28995e-21 9.78543e-22 1.59743e-22 2.30131e-23 2.92579e-24 3.28264e-25 3.25026e-26 2.84004e-27 2.19001e-28 1.49032e-29 8.95006e-31 4.74336e-32 2.2185e-33 9.15683e-35 3.33538e-36 1.07215e-37 3.04147e-39 7.61417e-41 1.68219e-42 3.27975e-44 5.64312e-46 8.56862e-48 1.1482e-49 1.35779e-51 1.41699e-53 1.305e-55 1.06064e-57 7.60745e-60 4.8153e-62 2.6898e-64 1.32596e-66 5.76839e-69 2.21458e-71 7.50312e-74 2.24339e-76 5.91946e-79 1.37839e-81 2.83253e-84 5.13677e-87 8.22091e-90 1.16108e-92 1.44716e-95 1.59179e-98 1.54514e-101 1.32362e-104 1.00063e-107 6.67566e-111 3.93033e-114 2.0421e-117 9.36349e-121 3.78889e-124 1.35301e-127 4.26384e-131 1.18581e-134 0.0 0.0 0.0 0.0
0.0 0.0 0.0 0.0 5.49911e-36 1.33231e-34 2.84861e-33 5.37493e-32 8.95006e-31 1.3152e-29 1.70558e-28 1.95193e-27 1.97138e-26 1.75707e-25 1.38205e-24 9.59329e-24 5.87661e-23 3.17686e-22 1.5156e-21 6.3809e-21 2.37079e-20 7.77353e-20 2.24934e-19 5.7439e-19 1.29441e-18 2.57424e-18 4.51793e-18 6.99751e-18 9.56446e-18 1.15369e-17 1.2281e-17 1.15369e-17 9.56446e-18 6.99751e-18 4.51793e-18 2.57424e-18 1.29441e-18 5.7439e-19 2.24934e-19 7.77353e-20 2.37079e-20 6.3809e-21 1.5156e-21 3.17686e-22 5.87661e-23 9.59329e-24 1.38205e-24 1.75707e-25 1.97138e-26 1.95193e-27 1.70558e-28 1.3152e-29 8.95006e-31 5.37493e-32 2.84861e-33 1.33231e-34 5.49911e-36 2.00305e-37 6.43879e-39 1.82654e-40 4.57266e-42 1.01023e-43 1.96964e-45 3.38895e-47 5.14586e-49 6.89545e-51 8.15419e-53 8.50966e-55 7.83713e-57 6.36964e-59 4.56863e-61 2.89181e-63 1.61535e-65 7.96302e-68 3.46419e-70 1.32996e-72 4.50597e-75 1.34726e-77 3.55491e-80 8.27786e-83 1.70107e-85 3.08487e-88 4.93704e-91 6.97283e-94 8.6909e-97 9.55946e-100 9.27931e-103 7.94897e-106 6.00923e-109 4.00904e-112 2.36034e-115 1.22638e-118 5.62321e-122 2.27541e-125 8.12543e-129 2.56063e-132 7.12133e-136 0.0 0.0 0.0 0.0
0.0 0.0 0.0 0.0 0.0 7.06099e-36 1.50971e-34 2.84861e-33 4.74336e-32 6.97031e-31 9.03924e-30 1.03449e-28 1.04479e-27 9.31215e-27 7.32457e-26 5.08426e-25 3.11449e-24 1.68368e-23 8.03237e-23 3.38175e-22 1.25647e-21 4.11982e-21 1.19211e-20 3.04416e-20 6.86011e-20 1.3643e-19 2.39441e-19 3.70854e-19 5.06898e-19 6.11435e-19 6.50869e-19 6.11435e-19 5.06898e-19 3.70854e-19 2.39441e-19 1.3643e-19 6.86011e-20 3.04416e-20 1.19211e-20 4.11982e-21 1.25647e-21 3.38175e-22 8.03237e-23 1.68368e-23 3.11449e-24 5.08426e-25 7.32457e-26 9.31215e-27 1.04479e-27 1.03449e-28 9.03924e-30 6.97031e-31 4.74336e-32 2.84861e-33 1.50971e-34 7.06099e-36 2.91442e-37 1.06158e-38 3.41243e-40 9.68033e-42 2.42342e-43 5.35404e-45 1.04387e-46 1.79608e-48 2.7272e-50 3.65445e-52 4.32156e-54 4.50996e-56 4.15353e-58 3.37578e-60 2.42128e-62 1.5326e-64 8.56105e-67 4.22025e-69 1.83595e-71 7.04853e-74 2.38808e-76 7.14023e-79 1.88403e-81 4.38711e-84 9.01532e-87 1.63492e-89 2.61653e-92 3.69546e-95 4.60601e-98 5.06633e-101 4.91785e-104 4.2128e-107 3.18478e-110 2.12471e-113 1.25094e-116 6.49955e-120 2.98019e-123 1.20592e-126 4.30632e-130 1.35709e-133 0.0 0.0 0.0 0.0 0.0
0.0 0.0 0.0 0.0 0.0 3.30247e-37 7.06099e-36 1.33231e-34 2.2185e-33 3.26006e-32 4.22771e-31 4.83836e-30 4.88657e-29 4.35535e-28 3.42575e-27 2.37794e-26 1.45666e-25 7.87466e-25 3.75679e-24 1.58167e-23 5.87661e-23 1.92686e-22 5.57557e-22 1.42377e-21 3.20852e-21 6.3809e-21 1.11988e-20 1.73451e-20 2.37079e-20 2.85972e-20 3.04416e-20 2.85972e-20 2.37079e-20 1.73451e-20 1.11988e-20 6.3809e-21 3.20852e-21 1.42377e-21 5.57557e-22 1.92686e-22 5.87661e-23 1.58167e-23 3.75679e-24 7.87466e-25 1.45666e-25 2.37794e-26 3.42575e-27 4.35535e-28 4.88657e-29 4.83836e-30 4.22771e-31 3.26006e-32 2.2185e-33 1.33231e-34 7.06099e-36 3.30247e-37 1.36309e-38 4.96506e-40 1.59602e-41 4.52755e-43 1.13345e-44 2.50412e-46 4.88225e-48 8.40038e-50 1.27553e-51 1.70921e-53 2.02122e-55 2.10933e-57 1.94263e-59 1.57888e-61 1.13245e-63 7.16808e-66 4.00406e-68 1.97384e-70 8.58687e-73 3.29664e-75 1.11692e-77 3.33953e-80 8.81174e-83 2.05188e-85 4.21652e-88 7.64663e-91 1.22377e-93 1.72839e-96 2.15426e-99 2.36955e-102 2.30011e-105 1.97035e-108 1.48954e-111 9.93742e-115 5.85071e-118 3.03988e-121 1.39386e-124 5.64017e-128 2.01409e-131 6.34717e-135 0.0 0.0 0.0 0.0 0.0
0.0 0.0 0.0 0.0 0.0 1.36309e-38 2.91442e-37 5.49911e-36 9.15683e-35 1.34559e-33 1.74498e-32 1.99703e-31 2.01693e-30 1.79767e-29 1.41397e-28 9.81493e-28 6.01237e-27 3.25026e-26 1.55061e-25 6.52832e-25 2.42556e-24 7.95312e-24 2.30131e-23 5.87661e-23 1.32431e-22 2.63371e-22 4.62231e-22 7.15917e-22 9.78543e-22 1.18035e-21 1.25647e-21 1.18035e-21 9.78543e-22 7.15917e-22 4.62231e-22 2.63371e-22 1.32431e-22 5.87661e-23 2.30131e-23 7.95312e-24 2.42556e-24 6.52832e-25 1.55061e-25 3.25026e-26 6.01237e-27 9.81493e-28 1.41397e-28 1.79767e-29 2.01693e-30 1.99703e-31 1.74498e-32 1.34559e-33 9.15683e-35 5.49911e-36 2.91442e-37 1.36309e-38 5.62615e-40 2.04933e-41 6.58755e-43 1.86874e-44 4.67831e-46 1.03357e-47 2.01515e-49 3.46725e-51 5.26474e-53 7.05476e-55 8.34258e-57 8.70626e-59 8.01819e-61 6.5168e-63 4.67418e-65 2.95862e-67 1.65267e-69 8.14699e-72 3.54422e-74 1.36069e-76 4.61008e-79 1.37839e-81 3.63704e-84 8.46911e-87 1.74037e-89 3.15614e-92 5.0511e-95 7.13392e-98 8.89168e-101 9.78032e-104 9.49369e-107 8.13261e-110 6.14807e-113 4.10166e-116 2.41488e-119 1.25471e-122 5.75313e-126 2.32798e-129 8.31316e-133 2.61979e-136 0.0 0.0 0.0 0.0 0.0
0.0 0.0 0.0 0.0 0.0 4.96506e-40 1.06158e-38 2.00305e-37 3.33538e-36 4.9013e-35 6.3561e-34 7.27417e-33 7.34665e-32 6.548e-31 5.1504e-30 3.57509e-29 2.19001e-28 1.18391e-27 5.6481e-27 2.37794e-26 8.83512e-26 2.89692e-25 8.38253e-25 2.14055e-24 4.82381e-24 9.59329e-24 1.68368e-23 2.60773e-23 3.56434e-23 4.29942e-23 4.5767e-23 4.29942e-23 3.56434e-23 2.60773e-23 1.68368e-23 9.59329e-24 4.82381e-24 2.14055e-24 8.38253e-25 2.89692e-25 8.83512e-26 2.37794e-26 5.6481e-27 1.18391e-27 2.19001e-28 3.57509e-29 5.1504e-30 6.548e-31 7.34665e-32 7.27417e-33 6.3561e-34 4.9013e-35 3.33538e-36 2.00305e-37 1.06158e-38 4.96506e-40 2.04933e-41 7.46467e-43 2.39951e-44 6.8069e-46 1.70407e-47 3.76479e-49 7.34017e-51 1.26295e-52 1.91768e-54 2.5697e-56 3.03878e-58 3.17126e-60 2.92063e-62 2.37374e-64 1.70257e-66 1.07768e-68 6.01986e-71 2.96754e-73 1.29098e-75 4.9563e-78 1.67922e-80 5.02078e-83 1.32479e-85 3.08487e-88 6.33928e-91 1.14962e-93 1.83986e-96 2.59853e-99 3.2388e-102 3.56248e-105 3.45808e-108 2.9623e-111 2.23943e-114 1.49403e-117 8.79619e-121 4.57028e-124 2.09558e-127 8.47965e-131 3.02807e-134 9.54259e-138 0.0 0.0 0.0 0.0 0.0
0.0 0.0 0.0 0.0 0.0 1.59602e-41 3.41243e-40 6.43879e-39 1.07215e-37 1.57552e-36 2.04317e-35 2.33828e-34 2.36158e-33 2.10485e-32 1.65559e-31 1.14921e-30 7.03977e-30 3.80566e-29 1.81558e-28 7.64388e-28 2.84004e-27 9.31215e-27 2.69456e-26 6.8808e-26 1.55061e-25 3.08376e-25 5.41217e-25 8.38253e-25 1.14576e-24 1.38205e-24 1.47118e-24 1.38205e-24 1.14576e-24 8.38253e-25 5.41217e-25 3.08376e-25 1.55061e-25 6.8808e-26 2.69456e-26 9.31215e-27 2.84004e-27 7.64388e-28 1.81558e-28 3.80566e-29 7.03977e-30 1.14921e-30 1.65559e-31 2.10485e-32 2.36158e-33 2.33828e-34 2.04317e-35 1.57552e-36 1.07215e-37 6.43879e-39 3.41243e-40 1.59602e-41 6.58755e-43 2.39951e-44 7.71322e-46 2.18807e-47 5.47773e-49 1.21019e-50 2.35949e-52 4.05973e-54 6.16438e-56 8.26027e-58 9.76816e-60 1.0194e-61 9.38834e-64 7.63038e-66 5.4729e-68 3.46419e-70 1.93508e-72 9.53915e-75 4.14986e-77 1.5932e-79 5.39784e-82 1.61393e-84 4.25853e-87 9.91631e-90 2.03776e-92 3.69546e-95 5.91423e-98 8.35296e-101 1.04111e-103 1.14516e-106 1.1116e-109 9.52231e-113 7.19865e-116 4.80256e-119 2.82753e-122 1.46911e-125 6.73622e-129 2.72578e-132 9.73371e-136 3.06746e-139 0.0 0.0 0.0 0.0 0.0
0.0 0.0 0.0 0.0 0.0 4.52755e-43 9.68033e-42 1.82654e-40 3.04147e-39 4.46941e-38 5.79601e-37 6.63319e-36 6.69928e-35 5.971e-34 4.69656e-33 3.26006e-32 1.99703e-31 1.07958e-30 5.1504e-30 2.1684e-29 8.05659e-29 2.64165e-28 7.64388e-28 1.95193e-27 4.39875e-27 8.74795e-27 1.53531e-26 2.37794e-26 3.25026e-26 3.92056e-26 4.17341e-26 3.92056e-26 3.25026e-26 2.37794e-26 1.53531e-26 8.74795e-27 4.39875e-27 1.95193e-27 7.64388e-28 2.64165e-28 8.05659e-29 2.1684e-29 5.1504e-30 1.07958e-30 1.99703e-31 3.26006e-32 4.69656e-33 5.971e-34 6.69928e-35 6.63319e-36 5.79601e-37 4.46941e-38 3.04147e-39 1.82654e-40 9.68033e-42 4.52755e-43 1.86874e-44 6.8069e-46 2.18807e-47 6.20709e-49 1.55391e-50 3.43304e-52 6.69337e-54 1.15166e-55 1.7487e-57 2.34326e-59 2.77101e-61 2.89181e-63 2.66327e-65 2.16457e-67 1.55254e-69 9.82715e-72 5.4894e-74 2.70605e-76 1.17722e-78 4.51956e-81 1.53125e-83 4.57836e-86 1.20805e-88 2.81304e-91 5.78068e-94 1.04832e-96 1.67774e-99 2.36955e-102 2.9534e-105 3.24856e-108 3.15336e-111 2.70127e-114 2.0421e-117 1.36238e-120 8.02108e-124 4.16755e-127 1.91092e-130 7.73244e-134 2.76124e-137 8.70172e-141 0.0 0.0 0.0 0.0 0.0
0.0 0.0 0.0 0.0 0.0 1.13345e-44 2.42342e-43 4.57266e-42 7.61417e-41 1.11889e-39 1.451e-38 1.66059e-37 1.67713e-36 1.49481e-35 1.17576e-34 8.1614e-34 4.99946e-33 2.70268e-32 1.28938e-31 5.42848e-31 2.01693e-30 6.61325e-30 1.91361e-29 4.88657e-29 1.1012e-28 2.19001e-28 3.84358e-28 5.95306e-28 8.13686e-28 9.81493e-28 1.04479e-27 9.81493e-28 8.13686e-28 5.95306e-28 3.84358e-28 2.19001e-28 1.1012e-28 4.88657e-29 1.91361e-29 6.61325e-30 2.01693e-30 5.42848e-31 1.28938e-31 2.70268e-32 4.99946e-33 8.1614e-34 1.17576e-34 1.49481e-35 1.67713e-36 1.66059e-37 1.451e-38 1.11889e-39 7.61417e-41 4.57266e-42 2.42342e-43 1.13345e-44 4.67831e-46 1.70407e-47 5.47773e-49 1.55391e-50 3.89015e-52 8.59445e-54 1.67565e-55 2.88312e-57 4.37778e-59 5.86623e-61 6.93709e-63 7.23951e-65 6.66736e-67 5.4189e-69 3.88671e-71 2.46018e-73 1.37424e-75 6.77446e-78 2.94712e-80 1.13145e-82 3.83341e-85 1.14617e-87 3.0243e-90 7.04231e-93 1.44716e-95 2.62442e-98 4.20013e-101 5.93206e-104 7.39369e-107 8.13261e-110 7.89427e-113 6.7625e-116 5.11229e-119 3.41065e-122 2.00804e-125 1.04333e-128 4.78389e-132 1.93578e-135 6.91263e-139 2.17843e-142 0.0 0.0 0.0 0.0 0.0
0.0 0.0 0.0 0.0 0.0 2.50412e-46 5.35404e-45 1.01023e-43 1.68219e-42 2.47196e-41 3.20569e-40 3.66871e-39 3.70527e-38 3.30247e-37 2.59759e-36 1.80309e-35 1.10452e-34 5.971e-34 2.84861e-33 1.19931e-32 4.45597e-32 1.46106e-31 4.22771e-31 1.07958e-30 2.43288e-30 4.83836e-30 8.49158e-30 1.3152e-29 1.79767e-29 2.1684e-29 2.30825e-29 2.1684e-29 1.79767e-29 1.3152e-29 8.49158e-30 4.83836e-30 2.43288e-30 1.07958e-30 4.22771e-31 1.46106e-31 4.45597e-32 1.19931e-32 2.84861e-33 5.971e-34 1.10452e-34 1.80309e-35 2.59759e-36 3.30247e-37 3.70527e-38 3.66871e-39 3.20569e-40 2.47196e-41 1.68219e-42 1.01023e-43 5.35404e-45 2.50412e-46 1.03357e-47 3.76479e-49 1.21019e-50 3.43304e-52 8.59445e-54 1.89876e-55 3.702e-57 6.36964e-59 9.67178e-61 1.29602e-62 1.5326e-64 1.59942e-66 1.47301e-68 1.19719e-70 8.58687e-73 5.43524e-75 3.0361e-77 1.49667e-79 6.51104e-82 2.4997e-84 8.46911e-87 2.53222e-89 6.68155e-92 1.55585e-94 3.1972e-97 5.79811e-100 9.27931e-103 1.31056e-105 1.63348e-108 1.79673e-111 1.74407e-114 1.49403e-117 1.12945e-120 7.53511e-124 4.43634e-127 2.30501e-130 1.0569e-133 4.27669e-137 1.5272e-140 4.81278e-144 0.0 0.0 0.0 0.0 0.0
0.0 0.0 0.0 0.0 0.0 0.0 1.04387e-46 1.96964e-45 3.27975e-44 4.81955e-43 6.25009e-42 7.15285e-41 7.22412e-40 6.43879e-39 5.0645e-38 3.51546e-37 2.15348e-36 1.16416e-35 5.5539e-35 2.33828e-34 8.68776e-34 2.84861e-33 8.24272e-33 2.10485e-32 4.74336e-32 9.43329e-32 1.65559e-31 2.56423e-31 3.50489e-31 4.22771e-31 4.50037e-31 4.22771e-31 3.50489e-31 2.56423e-31 1.65559e-31 9.43329e-32 4.74336e-32 2.10485e-32 8.24272e-33 2.84861e-33 8.68776e-34 2.33828e-34 5.5539e-35 1.16416e-35 2.15348e-36 3.51546e-37 5.0645e-38 6.43879e-39 7.22412e-40 7.15285e-41 6.25009e-42 4.81955e-43 3.27975e-44 1.96964e-45 1.04387e-46 4.88225e-48 2.01515e-49 7.34017e-51 2.35949e-52 6.69337e-54 1.67565e-55 3.702e-57 7.21774e-59 1.24188e-60 1.8857e-62 2.52684e-64 2.9881e-66 3.11836e-68 2.87191e-70 2.33415e-72 1.67417e-74 1.0597e-76 5.91946e-79 2.91805e-81 1.26945e-83 4.87364e-86 1.65121e-88 4.93704e-91 1.3027e-93 3.03342e-96 6.23355e-99 1.13045e-101 1.80918e-104 2.55519e-107 3.18478e-110 3.50306e-113 3.4004e-116 2.9129e-119 2.20208e-122 1.46911e-125 8.64948e-129 4.49405e-132 2.06063e-135 8.33822e-139 2.97756e-142 0.0 0.0 0.0 0.0 0.0 0.0
0.0 0.0 0.0 0.0 0.0 0.0 1.79608e-48 3.38895e-47 5.64312e-46 8.2925e-45 1.07539e-43 1.23072e-42 1.24298e-41 1.10786e-40 8.71396e-40 6.04868e-39 3.70527e-38 2.00305e-37 9.55601e-37 4.02323e-36 1.49481e-35 4.9013e-35 1.41824e-34 3.6216e-34 8.1614e-34 1.62309e-33 2.84861e-33 4.41201e-33 6.0305e-33 7.27417e-33 7.74332e-33 7.27417e-33 6.0305e-33 4.41201e-33 2.84861e-33 1.62309e-33 8.1614e-34 3.6216e-34 1.41824e-34 4.9013e-35 1.49481e-35 4.02323e-36 9.55601e-37 2.00305e-37 3.70527e-38 6.04868e-39 8.71396e-40 1.10786e-40 1.24298e-41 1.23072e-42 1.07539e-43 8.2925e-45 5.64312e-46 3.38895e-47 1.79608e-48 8.40038e-50 3.46725e-51 1.26295e-52 4.05973e-54 1.15166e-55 2.88312e-57 6.36964e-59 1.24188e-60 2.13678e-62 3.24452e-64 4.34766e-66 5.14131e-68 5.36544e-70 4.9414e-72 4.01613e-74 2.88057e-76 1.82332e-78 1.0185e-80 5.02078e-83 2.18421e-85 8.38555e-88 2.84107e-90 8.49464e-93 2.24141e-95 5.21929e-98 1.07254e-100 1.94505e-103 3.11286e-106 4.39645e-109 5.47971e-112 6.02735e-115 5.85071e-118 5.01192e-121 3.78889e-124 2.52775e-127 1.48823e-130 7.73244e-134 3.5455e-137 1.43467e-140 5.12318e-144 0.0 0.0 0.0 0.0 0.0 0.0
0.0 0.0 0.0 0.0 0.0 0.0 2.7272e-50 5.14586e-49 8.56862e-48 1.25915e-46 1.63289e-45 1.86874e-44 1.88736e-43 1.68219e-42 1.32314e-41 9.18444e-41 5.62615e-40 3.04147e-39 1.451e-38 6.10895e-38 2.26975e-37 7.44223e-37 2.15348e-36 5.49911e-36 1.23924e-35 2.46453e-35 4.32538e-35 6.69928e-35 9.15683e-35 1.10452e-34 1.17576e-34 1.10452e-34 9.15683e-35 6.69928e-35 4.32538e-35 2.46453e-35 1.23924e-35 5.49911e-36 2.15348e-36 7.44223e-37 2.26975e-37 6.10895e-38 1.451e-38 3.04147e-39 5.62615e-40 9.18444e-41 1.32314e-41 1.68219e-42 1.88736e-43 1.86874e-44 1.63289e-45 1.25915e-46 8.56862e-48 5.14586e-49 2.7272e-50 1.27553e-51 5.26474e-53 1.91768e-54 6.16438e-56 1.7487e-57 4.37778e-59 9.67178e-61 1.8857e-62 3.24452e-64 4.92655e-66 6.60158e-68 7.80667e-70 8.14699e-72 7.50312e-74 6.09817e-76 4.37392e-78 2.76857e-80 1.54651e-82 7.62365e-85 3.31655e-87 1.27328e-89 4.31394e-92 1.28984e-94 3.4034e-97 7.92507e-100 1.62857e-102 2.9534e-105 4.72663e-108 6.67566e-111 8.3205e-114 9.15205e-117 8.88383e-120 7.61019e-123 5.75313e-126 3.83818e-129 2.25975e-132 1.17411e-135 5.38356e-139 2.17843e-142 7.77914e-146 0.0 0.0 0.0 0.0 0.0 0.0
0.0 0.0 0.0 0.0 0.0 0.0 0.0 6.89545e-51 1.1482e-49 1.68726e-48 2.18807e-47 2.50412e-46 2.52907e-45 2.25413e-44 1.77301e-43 1.23072e-42 7.53905e-42 4.07557e-41 1.94435e-40 8.186e-40 3.04147e-39 9.97259e-39 2.88567e-38 7.36881e-38 1.66059e-37 3.30247e-37 5.79601e-37 8.97704e-37 1.22702e-36 1.48006e-36 1.57552e-36 1.48006e-36 1.22702e-36 8.97704e-37 5.79601e-37 3.30247e-37 1.66059e-37 7.36881e-38 2.88567e-38 9.97259e-39 3.04147e-39 8.186e-40 1.94435e-40 4.07557e-41 7.53905e-42 1.23072e-42 1.77301e-43 2.25413e-44 2.52907e-45 2.50412e-46 2.18807e-47 1.68726e-48 1.1482e-49 6.89545e-51 3.65445e-52 1.70921e-53 7.05476e-55 2.5697e-56 8.26027e-58 2.34326e-59 5.86623e-61 1.29602e-62 2.52684e-64 4.34766e-66 6.60158e-68 8.84612e-70 1.04609e-71 1.0917e-73 1.00542e-75 8.17156e-78 5.86105e-80 3.70988e-82 2.07232e-84 1.02157e-86 4.44418e-89 1.70619e-91 5.78068e-94 1.72839e-96 4.56056e-99 1.06196e-101 2.18228e-104 3.95756e-107 6.33369e-110 8.94538e-113 1.11495e-115 1.22638e-118 1.19043e-121 1.01977e-124 7.7092e-128 5.14317e-131 3.02807e-134 1.57331e-137 7.21398e-141 2.9191e-144 0.0 0.0 0.0 0.0 0.0 0.0 0.0
0.0 0.0 0.0 0.0 0.0 0.0 0.0 8.15419e-53 1.35779e-51 1.99526e-50 2.5875e-49 2.96124e-48 2.99074e-47 2.66562e-46 2.09667e-45 1.45538e-44 8.91528e-44 4.81955e-43 2.29928e-42 9.68033e-42 3.59668e-41 1.17931e-40 3.41243e-40 8.71396e-40 1.96372e-39 3.90532e-39 6.85406e-39 1.06158e-38 1.451e-38 1.75024e-38 1.86313e-38 1.75024e-38 1.451e-38 1.06158e-38 6.85406e-39 3.90532e-39 1.96372e-39 8.71396e-40 3.41243e-40 1.17931e-40 3.59668e-41 9.68033e-42 2.29928e-42 4.81955e-43 8.91528e-44 1.45538e-44 2.09667e-45 2.66562e-46 2.99074e-47 2.96124e-48 2.5875e-49 1.99526e-50 1.35779e-51 8.15419e-53 4.32156e-54 2.02122e-55 8.34258e-57 3.03878e-58 9.76816e-60 2.77101e-61 6.93709e-63 1.5326e-64 2.9881e-66 5.14131e-68 7.80667e-70 1.04609e-71 1.23706e-73 1.29098e-75 1.18895e-77 9.66325e-80 6.93097e-82 4.38711e-84 2.45062e-86 1.20805e-88 5.25545e-91 2.01765e-93 6.83592e-96 2.0439e-98 5.39308e-101 1.25582e-103 2.58065e-106 4.68e-109 7.48988e-112 1.05783e-114 1.31848e-117 1.45025e-120 1.40774e-123 1.20592e-126 9.11648e-130 6.08204e-133 3.58083e-136 1.86051e-139 8.53086e-143 3.45197e-146 0.0 0.0 0.0 0.0 0.0 0.0 0.0
0.0 0.0 0.0 0.0 0.0 0.0 0.0 8.50966e-55 1.41699e-53 2.08225e-52 2.7003e-51 3.09033e-50 3.12112e-49 2.78182e-48 2.18807e-47 1.51882e-46 9.30393e-46 5.02965e-45 2.39951e-44 1.01023e-43 3.75347e-43 1.23072e-42 3.56119e-42 9.09383e-42 2.04933e-41 4.07557e-41 7.15285e-41 1.10786e-40 1.51426e-40 1.82654e-40 1.94435e-40 1.82654e-40 1.51426e-40 1.10786e-40 7.15285e-41 4.07557e-41 2.04933e-41 9.09383e-42 3.56119e-42 1.23072e-42 3.75347e-43 1.01023e-43 2.39951e-44 5.02965e-45 9.30393e-46 1.51882e-46 2.18807e-47 2.78182e-48 3.12112e-49 3.09033e-50 2.7003e-51 2.08225e-52 1.41699e-53 8.50966e-55 4.50996e-56 2.10933e-57 8.70626e-59 3.17126e-60 1.0194e-61 2.89181e-63 7.23951e-65 1.59942e-66 3.11836e-68 5.36544e-70 8.14699e-72 1.0917e-73 1.29098e-75 1.34726e-77 1.24079e-79 1.00845e-81 7.23312e-84 4.57836e-86 2.55745e-88 1.26072e-90 5.48455e-93 2.10561e-95 7.13392e-98 2.133e-100 5.62818e-103 1.31056e-105 2.69315e-108 4.88401e-111 7.81639e-114 1.10395e-116 1.37596e-119 1.51347e-122 1.46911e-125 1.25849e-128 9.5139e-132 6.34717e-135 3.73693e-138 1.94162e-141 8.90275e-145 3.60246e-148 0.0 0.0 0.0 0.0 0.0 0.0 0.0
0.0 0.0 0.0 0.0 0.0 0.0 0.0 0.0 1.305e-55 1.91768e-54 2.48689e-53 2.84609e-52 2.87445e-51 2.56197e-50 2.01515e-49 1.39879e-48 8.56862e-48 4.63215e-47 2.20988e-46 9.30393e-46 3.45683e-45 1.13345e-44 3.27975e-44 8.37513e-44 1.88736e-43 3.75347e-43 6.58755e-43 1.0203e-42 1.39458e-42 1.68219e-42 1.79068e-42 1.68219e-42 1.39458e-42 1.0203e-42 6.58755e-43 3.75347e-43 1.88736e-43 8.37513e-44 3.27975e-44 1.13345e-44 3.45683e-45 9.30393e-46 2.20988e-46 4.63215e-47 8.56862e-48 1.39879e-48 2.01515e-49 2.56197e-50 2.87445e-51 2.84609e-52 2.48689e-53 1.91768e-54 1.305e-55 7.83713e-57 4.15353e-58 1.94263e-59 8.01819e-61 2.92063e-62 9.38834e-64 2.66327e-65 6.66736e-67 1.47301e-68 2.87191e-70 4.9414e-72 7.50312e-74 1.00542e-75 1.18895e-77 1.24079e-79 1.14272e-81 9.2875e-84 6.66147e-86 4.21652e-88 2.35533e-90 1.16108e-92 5.0511e-95 1.9392e-97 6.57012e-100 1.96443e-102 5.18338e-105 1.20699e-107 2.48031e-110 4.49802e-113 7.19865e-116 1.0167e-118 1.26721e-121 1.39386e-124 1.35301e-127 1.15903e-130 8.762e-134 5.84554e-137 3.4416e-140 1.78817e-143 8.19915e-147 0.0 0.0 0.0 0.0 0.0 0.0 0.0 0.0
0.0 0.0 0.0 0.0 0.0 0.0 0.0 0.0 1.06064e-57 1.5586e-56 2.02122e-55 2.31317e-54 2.33621e-53 2.08225e-52 1.63781e-51 1.13687e-50 6.96416e-50 3.76479e-49 1.79608e-48 7.56178e-48 2.80954e-47 9.21213e-47 2.66562e-46 6.8069e-46 1.53396e-45 3.05064e-45 5.35404e-45 8.2925e-45 1.13345e-44 1.3672e-44 1.45538e-44 1.3672e-44 1.13345e-44 8.2925e-45 5.35404e-45 3.05064e-45 1.53396e-45 6.8069e-46 2.66562e-46 9.21213e-47 2.80954e-47 7.56178e-48 1.79608e-48 3.76479e-49 6.96416e-50 1.13687e-50 1.63781e-51 2.08225e-52 2.33621e-53 2.31317e-54 2.02122e-55 1.5586e-56 1.06064e-57 6.36964e-59 3.37578e-60 1.57888e-61 6.5168e-63 2.37374e-64 7.63038e-66 2.16457e-67 5.4189e-69 1.19719e-70 2.33415e-72 4.01613e-74 6.09817e-76 8.17156e-78 9.66325e-80 1.00845e-81 9.2875e-84 7.54843e-86 5.41412e-88 3.42698e-90 1.9143e-92 9.4367e-95 4.10529e-97 1.57609e-99 5.33987e-102 1.59659e-104 4.2128e-107 9.8098e-110 2.01587e-112 3.65577e-115 5.85071e-118 8.26325e-121 1.02993e-123 1.13286e-126 1.09966e-129 9.42004e-133 7.12133e-136 4.75098e-139 2.79716e-142 1.45333e-145 6.66387e-149 0.0 0.0 0.0 0.0 0.0 0.0 0.0 0.0
0.0 0.0 0.0 0.0 0.0 0.0 0.0 0.0 0.0 1.11791e-58 1.44972e-57 1.65912e-56 1.67565e-55 1.49349e-54 1.17472e-53 8.15419e-53 4.99505e-52 2.7003e-51 1.28824e-50 5.42369e-50 2.01515e-49 6.60741e-49 1.91192e-48 4.88225e-48 1.10023e-47 2.18807e-47 3.84019e-47 5.9478e-47 8.12968e-47 9.80626e-47 1.04387e-46 9.80626e-47 8.12968e-47 5.9478e-47 3.84019e-47 2.18807e-47 1.10023e-47 4.88225e-48 1.91192e-48 6.60741e-49 2.01515e-49 5.42369e-50 1.28824e-50 2.7003e-51 4.99505e-52 8.15419e-53 1.17472e-53 1.49349e-54 1.67565e-55 1.65912e-56 1.44972e-57 1.11791e-58 7.60745e-60 4.56863e-61 2.42128e-62 1.13245e-63 4.67418e-65 1.70257e-66 5.4729e-68 1.55254e-69 3.88671e-71 8.58687e-73 1.67417e-74 2.88057e-76 4.37392e-78 5.86105e-80 6.93097e-82 7.23312e-84 6.66147e-86 5.41412e-88 3.88328e-90 2.45801e-92 1.37303e-94 6.76848e-97 2.94452e-99 1.13045e-101 3.83003e-104 1.14516e-106 3.02163e-109 7.03609e-112 1.44589e-114 2.62211e-117 4.19643e-120 5.92682e-123 7.38716e-126 8.12543e-129 7.8873e-132 6.75653e-135 5.10778e-138 3.40764e-141 2.00627e-144 1.04241e-147 0.0 0.0 0.0 0.0 0.0 0.0 0.0 0.0 0.0
0.0 0.0 0.0 0.0 0.0 0.0 0.0 0.0 0.0 7.07603e-61 9.17633e-60 1.05018e-58 1.06064e-57 9.45338e-57 7.43566e-56 5.16137e-55 3.16172e-54 1.70921e-53 8.15419e-53 3.43304e-52 1.27553e-51 4.1823e-51 1.21019e-50 3.09033e-50 6.96416e-50 1.38499e-49 2.43073e-49 3.76479e-49 5.14586e-49 6.20709e-49 6.60741e-49 6.20709e-49 5.14586e-49 3.76479e-49 2.43073e-49 1.38499e-49 6.96416e-50 3.09033e-50 1.21019e-50 4.1823e-51 1.27553e-51 3.43304e-52 8.15419e-53 1.70921e-53 3.16172e-54 5.16137e-55 7.43566e-56 9.45338e-57 1.06064e-57 1.05018e-58 9.17633e-60 7.07603e-61 4.8153e-62 2.89181e-63 1.5326e-64 7.16808e-66 2.95862e-67 1.07768e-68 3.46419e-70 9.82715e-72 2.46018e-73 5.43524e-75 1.0597e-76 1.82332e-78 2.76857e-80 3.70988e-82 4.38711e-84 4.57836e-86 4.21652e-88 3.42698e-90 2.45801e-92 1.55585e-94 8.6909e-97 4.28425e-99 1.8638e-101 7.15543e-104 2.4243e-106 7.24852e-109 1.91261e-111 4.45364e-114 9.15205e-117 1.65972e-119 2.65622e-122 3.75151e-125 4.67586e-128 5.14317e-131 4.99244e-134 4.27669e-137 3.23308e-140 2.15694e-143 1.26991e-146 6.59813e-150 0.0 0.0 0.0 0.0 0.0 0.0 0.0 0.0 0.0
0.0 0.0 0.0 0.0 0.0 0.0 0.0 0.0 0.0 0.0 5.12586e-62 5.86623e-61 5.92469e-60 5.28062e-59 4.15353e-58 2.88312e-57 1.76612e-56 9.54758e-56 4.55489e-55 1.91768e-54 7.12505e-54 2.33621e-53 6.76006e-53 1.72624e-52 3.89015e-52 7.73648e-52 1.35779e-51 2.10299e-51 2.87445e-51 3.46725e-51 3.69087e-51 3.46725e-51 2.87445e-51 2.10299e-51 1.35779e-51 7.73648e-52 3.89015e-52 1.72624e-52 6.76006e-53 2.33621e-53 7.12505e-54 1.91768e-54 4.55489e-55 9.54758e-56 1.76612e-56 2.88312e-57 4.15353e-58 5.28062e-59 5.92469e-60 5.86623e-61 5.12586e-62 3.95264e-63 2.6898e-64 1.61535e-65 8.56105e-67 4.00406e-68 1.65267e-69 6.01986e-71 1.93508e-72 5.4894e-74 1.37424e-75 3.0361e-77 5.91946e-79 1.0185e-80 1.54651e-82 2.07232e-84 2.45062e-86 2.55745e-88 2.35533e-90 1.9143e-92 1.37303e-94 8.6909e-97 4.8547e-99 2.39316e-101 1.04111e-103 3.99699e-106 1.3542e-108 4.04899e-111 1.06837e-113 2.48779e-116 5.11229e-119 9.27111e-122 1.48375e-124 2.09558e-127 2.61192e-130 2.87295e-133 2.78875e-136 2.38894e-139 1.80598e-142 1.20486e-145 7.09366e-149 0.0 0.0 0.0 0.0 0.0 0.0 0.0 0.0 0.0 0.0
0.0 0.0 0.0 0.0 0.0 0.0 0.0 0.0 0.0 0.0 2.52684e-64 2.89181e-63 2.92063e-62 2.60313e-61 2.04752e-60 1.42126e-59 8.70626e-59 4.70656e-58 2.24537e-57 9.45338e-57 3.51236e-56 1.15166e-55 3.33243e-55 8.50966e-55 1.91768e-54 3.81377e-54 6.69337e-54 1.03669e-53 1.41699e-53 1.70921e-53 1.81945e-53 1.70921e-53 1.41699e-53 1.03669e-53 6.69337e-54 3.81377e-54 1.91768e-54 8.50966e-55 3.33243e-55 1.15166e-55 3.51236e-56 9.45338e-57 2.24537e-57 4.70656e-58 8.70626e-59 1.42126e-59 2.04752e-60 2.60313e-61 2.92063e-62 2.89181e-63 2.52684e-64 1.94849e-65 1.32596e-66 7.96302e-68 4.22025e-69 1.97384e-70 8.14699e-72 2.96754e-73 9.53915e-75 2.70605e-76 6.77446e-78 1.49667e-79 2.91805e-81 5.02078e-83 7.62365e-85 1.02157e-86 1.20805e-88 1.26072e-90 1.16108e-92 9.4367e-95 6.76848e-97 4.28425e-99 2.39316e-101 1.17973e-103 5.13224e-106 1.97035e-108 6.67566e-111 1.99598e-113 5.26664e-116 1.22638e-118 2.52015e-121 4.57028e-124 7.31428e-127 1.03303e-129 1.28757e-132 1.41625e-135 1.37474e-138 1.17765e-141 8.90275e-145 5.93945e-148 3.49688e-151 0.0 0.0 0.0 0.0 0.0 0.0 0.0 0.0 0.0 0.0
0.0 0.0 0.0 0.0 0.0 0.0 0.0 0.0 0.0 0.0 0.0 1.25804e-65 1.27057e-64 1.13245e-63 8.9074e-63 6.18296e-62 3.78752e-61 2.04752e-60 9.76816e-60 4.11255e-59 1.528e-58 5.01011e-58 1.44972e-57 3.702e-57 8.34258e-57 1.65912e-56 2.91185e-56 4.50996e-56 6.16438e-56 7.43566e-56 7.91522e-56 7.43566e-56 6.16438e-56 4.50996e-56 2.91185e-56 1.65912e-56 8.34258e-57 3.702e-57 1.44972e-57 5.01011e-58 1.528e-58 4.11255e-59 9.76816e-60 2.04752e-60 3.78752e-61 6.18296e-62 8.9074e-63 1.13245e-63 1.27057e-64 1.25804e-65 1.09926e-66 8.47659e-68 5.76839e-69 3.46419e-70 1.83595e-71 8.58687e-73 3.54422e-74 1.29098e-75 4.14986e-77 1.17722e-78 2.94712e-80 6.51104e-82 1.26945e-83 2.18421e-85 3.31655e-87 4.44418e-89 5.25545e-91 5.48455e-93 5.0511e-95 4.10529e-97 2.94452e-99 1.8638e-101 1.04111e-103 5.13224e-106 2.2327e-108 8.57171e-111 2.90414e-113 8.68322e-116 2.29117e-118 5.33516e-121 1.09635e-123 1.98823e-126 3.18197e-129 4.49405e-132 5.60136e-135 6.16116e-138 5.9806e-141 5.12318e-144 3.87301e-147 2.58386e-150 0.0 0.0 0.0 0.0 0.0 0.0 0.0 0.0 0.0 0.0 0.0
0.0 0.0 0.0 0.0 0.0 0.0 0.0 0.0 0.0 0.0 0.0 0.0 4.87794e-67 4.34766e-66 3.4197e-65 2.37374e-64 1.45409e-63 7.86076e-63 3.75016e-62 1.57888e-61 5.86623e-61 1.92346e-60 5.56573e-60 1.42126e-59 3.20285e-59 6.36964e-59 1.11791e-58 1.73145e-58 2.36661e-58 2.85467e-58 3.03878e-58 2.85467e-58 2.36661e-58 1.73145e-58 1.11791e-58 6.36964e-59 3.20285e-59 1.42126e-59 5.56573e-60 1.92346e-60 5.86623e-61 1.57888e-61 3.75016e-62 7.86076e-63 1.45409e-63 2.37374e-64 3.4197e-65 4.34766e-66 4.87794e-67 4.82982e-68 4.22025e-69 3.2543e-70 2.21458e-71 1.32996e-72 7.04853e-74 3.29664e-75 1.36069e-76 4.9563e-78 1.5932e-79 4.51956e-81 1.13145e-82 2.4997e-84 4.87364e-86 8.38555e-88 1.27328e-89 1.70619e-91 2.01765e-93 2.10561e-95 1.9392e-97 1.57609e-99 1.13045e-101 7.15543e-104 3.99699e-106 1.97035e-108 8.57171e-111 3.29082e-113 1.11495e-115 3.33363e-118 8.79619e-121 2.04826e-123 4.20908e-126 7.63314e-129 1.22161e-131 1.72534e-134 2.15046e-137 2.36537e-140 2.29605e-143 1.96687e-146 1.48691e-149 0.0 0.0 0.0 0.0 0.0 0.0 0.0 0.0 0.0 0.0 0.0 0.0
0.0 0.0 0.0 0.0 0.0 0.0 0.0 0.0 0.0 0.0 0.0 0.0 1.65267e-69 1.47301e-68 1.15861e-67 8.04237e-67 4.92655e-66 2.66327e-65 1.27057e-64 5.34931e-64 1.98751e-63 6.5168e-63 1.8857e-62 4.8153e-62 1.08514e-61 2.15807e-61 3.78752e-61 5.86623e-61 8.01819e-61 9.67178e-61 1.02956e-60 9.67178e-61 8.01819e-61 5.86623e-61 3.78752e-61 2.15807e-61 1.08514e-61 4.8153e-62 1.8857e-62 6.5168e-63 1.98751e-63 5.34931e-64 1.27057e-64 2.66327e-65 4.92655e-66 8.04237e-67 1.15861e-67 1.47301e-68 1.65267e-69 1.63637e-70 1.42984e-71 1.10258e-72 7.50312e-74 4.50597e-75 2.38808e-76 1.11692e-77 4.61008e-79 1.67922e-80 5.39784e-82 1.53125e-83 3.83341e-85 8.46911e-87 1.65121e-88 2.84107e-90 4.31394e-92 5.78068e-94 6.83592e-96 7.13392e-98 6.57012e-100 5.33987e-102 3.83003e-104 2.4243e-106 1.3542e-108 6.67566e-111 2.90414e-113 1.11495e-115 3.7775e-118 1.12945e-120 2.98019e-123 6.9396e-126 1.42606e-128 2.58615e-131 4.13888e-134 5.84554e-137 7.28586e-140 8.014e-143 7.77914e-146 6.66387e-149 5.03773e-152 0.0 0.0 0.0 0.0 0.0 0.0 0.0 0.0 0.0 0.0 0.0 0.0
0.0 0.0 0.0 0.0 0.0 0.0 0.0 0.0 0.0 0.0 0.0 0.0 0.0 4.40422e-71 3.46419e-70 2.40462e-69 1.47301e-68 7.96302e-68 3.79894e-67 1.59942e-66 5.94255e-66 1.94849e-65 5.63813e-65 1.43975e-64 3.24452e-64 6.4525e-64 1.13245e-63 1.75397e-63 2.3974e-63 2.89181e-63 3.07832e-63 2.89181e-63 2.3974e-63 1.75397e-63 1.13245e-63 6.4525e-64 3.24452e-64 1.43975e-64 5.63813e-65 1.94849e-65 5.94255e-66 1.59942e-66 3.79894e-67 7.96302e-68 1.47301e-68 2.40462e-69 3.46419e-70 4.40422e-71 4.9414e-72 4.89265e-73 4.27515e-74 3.29664e-75 2.24339e-76 1.34726e-77 7.14023e-79 3.33953e-80 1.37839e-81 5.02078e-83 1.61393e-84 4.57836e-86 1.14617e-87 2.53222e-89 4.93704e-91 8.49464e-93 1.28984e-94 1.72839e-96 2.0439e-98 2.133e-100 1.96443e-102 1.59659e-104 1.14516e-106 7.24852e-109 4.04899e-111 1.99598e-113 8.68322e-116 3.33363e-118 1.12945e-120 3.377e-123 8.91062e-126 2.0749e-128 4.26384e-131 7.73244e-134 1.2375e-136 1.74779e-139 2.17843e-142 2.39614e-145 2.32592e-148 1.99246e-151 0.0 0.0 0.0 0.0 0.0 0.0 0.0 0.0 0.0 0.0 0.0 0.0 0.0
0.0 0.0 0.0 0.0 0.0 0.0 0.0 0.0 0.0 0.0 0.0 0.0 0.0 0.0 9.14067e-73 6.34488e-72 3.88671e-71 2.10114e-70 1.0024e-69 4.22025e-69 1.56801e-68 5.14131e-68 1.48769e-67 3.79894e-67 8.56105e-67 1.70257e-66 2.9881e-66 4.62806e-66 6.32581e-66 7.63038e-66 8.1225e-66 7.63038e-66 6.32581e-66 4.62806e-66 2.9881e-66 1.70257e-66 8.56105e-67 3.79894e-67 1.48769e-67 5.14131e-68 1.56801e-68 4.22025e-69 1.0024e-69 2.10114e-70 3.88671e-71 6.34488e-72 9.14067e-73 1.16211e-73 1.30385e-74 1.29098e-75 1.12805e-76 8.69858e-78 5.91946e-79 3.55491e-80 1.88403e-81 8.81174e-83 3.63704e-84 1.32479e-85 4.25853e-87 1.20805e-88 3.0243e-90 6.68155e-92 1.3027e-93 2.24141e-95 3.4034e-97 4.56056e-99 5.39308e-101 5.62818e-103 5.18338e-105 4.2128e-107 3.02163e-109 1.91261e-111 1.06837e-113 5.26664e-116 2.29117e-118 8.79619e-121 2.98019e-123 8.91062e-126 2.35117e-128 5.47487e-131 1.12506e-133 2.0403e-136 3.26529e-139 4.61174e-142 5.74805e-145 6.32251e-148 6.13722e-151 0.0 0.0 0.0 0.0 0.0 0.0 0.0 0.0 0.0 0.0 0.0 0.0 0.0 0.0
0.0 0.0 0.0 0.0 0.0 0.0 0.0 0.0 0.0 0.0 0.0 0.0 0.0 0.0 2.12847e-75 1.47745e-74 9.05049e-74 4.89265e-73 2.33415e-72 9.82715e-72 3.65123e-71 1.19719e-70 3.46419e-70 8.84612e-70 1.9935e-69 3.96455e-69 6.95801e-69 1.07768e-68 1.47301e-68 1.77679e-68 1.89138e-68 1.77679e-68 1.47301e-68 1.07768e-68 6.95801e-69 3.96455e-69 1.9935e-69 8.84612e-70 3.46419e-70 1.19719e-70 3.65123e-71 9.82715e-72 2.33415e-72 4.89265e-73 9.05049e-74 1.47745e-74 2.12847e-75 2.70605e-76 3.0361e-77 3.00615e-78 2.62674e-79 2.02553e-80 1.37839e-81 8.27786e-83 4.38711e-84 2.05188e-85 8.46911e-87 3.08487e-88 9.91631e-90 2.81304e-91 7.04231e-93 1.55585e-94 3.03342e-96 5.21929e-98 7.92507e-100 1.06196e-101 1.25582e-103 1.31056e-105 1.20699e-107 9.8098e-110 7.03609e-112 4.45364e-114 2.48779e-116 1.22638e-118 5.33516e-121 2.04826e-123 6.9396e-126 2.0749e-128 5.47487e-131 1.27486e-133 2.61979e-136 4.75098e-139 7.60347e-142 1.07388e-144 1.33847e-147 1.47224e-150 1.42909e-153 0.0 0.0 0.0 0.0 0.0 0.0 0.0 0.0 0.0 0.0 0.0 0.0 0.0 0.0
0.0 0.0 0.0 0.0 0.0 0.0 0.0 0.0 0.0 0.0 0.0 0.0 0.0 0.0 0.0 3.0361e-77 1.85984e-76 1.00542e-75 4.79658e-75 2.01944e-74 7.50312e-74 2.46018e-73 7.11876e-73 1.81784e-72 4.09656e-72 8.14699e-72 1.42984e-71 2.21458e-71 3.02697e-71 3.65123e-71 3.88671e-71 3.65123e-71 3.02697e-71 2.21458e-71 1.42984e-71 8.14699e-72 4.09656e-72 1.81784e-72 7.11876e-73 2.46018e-73 7.50312e-74 2.01944e-74 4.79658e-75 1.00542e-75 1.85984e-76 3.0361e-77 4.37392e-78 5.56081e-79 6.23906e-80 6.17751e-81 5.39784e-82 4.16237e-83 2.83253e-84 1.70107e-85 9.01532e-87 4.21652e-88 1.74037e-89 6.33928e-91 2.03776e-92 5.78068e-94 1.44716e-95 3.1972e-97 6.23355e-99 1.07254e-100 1.62857e-102 2.18228e-104 2.58065e-106 2.69315e-108 2.48031e-110 2.01587e-112 1.44589e-114 9.15205e-117 5.11229e-119 2.52015e-121 1.09635e-123 4.20908e-126 1.42606e-128 4.26384e-131 1.12506e-133 2.61979e-136 5.38356e-139 9.76305e-142 1.56248e-144 2.20677e-147 2.75051e-150 3.02539e-153 0.0 0.0 0.0 0.0 0.0 0.0 0.0 0.0 0.0 0.0 0.0 0.0 0.0 0.0 0.0
0.0 0.0 0.0 0.0 0.0 0.0 0.0 0.0 0.0 0.0 0.0 0.0 0.0 0.0 0.0 0.0 3.3728e-79 1.82332e-78 8.69858e-78 3.66224e-77 1.36069e-76 4.46152e-76 1.29098e-75 3.29664e-75 7.4291e-75 1.47745e-74 2.59301e-74 4.01613e-74 5.4894e-74 6.62148e-74 7.04853e-74 6.62148e-74 5.4894e-74 4.01613e-74 2.59301e-74 1.47745e-74 7.4291e-75 3.29664e-75 1.29098e-75 4.46152e-76 1.36069e-76 3.66224e-77 8.69858e-78 1.82332e-78 3.3728e-79 5.50595e-80 7.93207e-81 1.00845e-81 1.13145e-82 1.12029e-83 9.78896e-85 7.54843e-86 5.13677e-87 3.08487e-88 1.63492e-89 7.64663e-91 3.15614e-92 1.14962e-93 3.69546e-95 1.04832e-96 2.62442e-98 5.79811e-100 1.13045e-101 1.94505e-103 2.9534e-105 3.95756e-107 4.68e-109 4.88401e-111 4.49802e-113 3.65577e-115 2.62211e-117 1.65972e-119 9.27111e-122 4.57028e-124 1.98823e-126 7.63314e-129 2.58615e-131 7.73244e-134 2.0403e-136 4.75098e-139 9.76305e-142 1.77052e-144 2.83355e-147 4.00197e-150 4.98803e-153 0.0 0.0 0.0 0.0 0.0 0.0 0.0 0.0 0.0 0.0 0.0 0.0 0.0 0.0 0.0 0.0
0.0 0.0 0.0 0.0 0.0 0.0 0.0 0.0 0.0 0.0 0.0 0.0 0.0 0.0 0.0 0.0 0.0 2.91805e-81 1.39212e-80 5.86105e-80 2.17765e-79 7.14023e-79 2.06609e-78 5.27595e-78 1.18895e-77 2.36452e-77 4.14986e-77 6.42743e-77 8.78525e-77 1.0597e-76 1.12805e-76 1.0597e-76 8.78525e-77 6.42743e-77 4.14986e-77 2.36452e-77 1.18895e-77 5.27595e-78 2.06609e-78 7.14023e-79 2.17765e-79 5.86105e-80 1.39212e-80 2.91805e-81 5.39784e-82 8.81174e-83 1.26945e-83 1.61393e-84 1.81078e-85 1.79291e-86 1.56663e-87 1.20805e-88 8.22091e-90 4.93704e-91 2.61653e-92 1.22377e-93 5.0511e-95 1.83986e-96 5.91423e-98 1.67774e-99 4.20013e-101 9.27931e-103 1.80918e-104 3.11286e-106 4.72663e-108 6.33369e-110 7.48988e-112 7.81639e-114 7.19865e-116 5.85071e-118 4.19643e-120 2.65622e-122 1.48375e-124 7.31428e-127 3.18197e-129 1.22161e-131 4.13888e-134 1.2375e-136 3.26529e-139 7.60347e-142 1.56248e-144 2.83355e-147 4.53482e-150 6.40476e-153 0.0 0.0 0.0 0.0 0.0 0.0 0.0 0.0 0.0 0.0 0.0 0.0 0.0 0.0 0.0 0.0 0.0
0.0 0.0 0.0 0.0 0.0 0.0 0.0 0.0 0.0 0.0 0.0 0.0 0.0 0.0 0.0 0.0 0.0 0.0 1.96616e-83 8.27786e-83 3.0756e-82 1.00845e-81 2.91805e-81 7.45149e-81 1.67922e-80 3.33953e-80 5.86105e-80 9.07778e-80 1.24079e-79 1.49667e-79 1.5932e-79 1.49667e-79 1.24079e-79 9.07778e-80 5.86105e-80 3.33953e-80 1.67922e-80 7.45149e-81 2.91805e-81 1.00845e-81 3.0756e-82 8.27786e-83 1.96616e-83 4.12131e-84 7.62365e-85 1.24453e-85 1.79291e-86 2.27943e-87 2.55745e-88 2.53222e-89 2.21263e-90 1.70619e-91 1.16108e-92 6.97283e-94 3.69546e-95 1.72839e-96 7.13392e-98 2.59853e-99 8.35296e-101 2.36955e-102 5.93206e-104 1.31056e-105 2.55519e-107 4.39645e-109 6.67566e-111 8.94538e-113 1.05783e-114 1.10395e-116 1.0167e-118 8.26325e-121 5.92682e-123 3.75151e-125 2.09558e-127 1.03303e-129 4.49405e-132 1.72534e-134 5.84554e-137 1.74779e-139 4.61174e-142 1.07388e-144 2.20677e-147 4.00197e-150 6.40476e-153 0.0 0.0 0.0 0.0 0.0 0.0 0.0 0.0 0.0 0.0 0.0 0.0 0.0 0.0 0.0 0.0 0.0 0.0
0.0 0.0 0.0 0.0 0.0 0.0 0.0 0.0 0.0 0.0 0.0 0.0 0.0 0.0 0.0 0.0 0.0 0.0 0.0 1.03175e-85 3.83341e-85 1.25693e-84 3.63704e-84 9.2875e-84 2.09297e-83 4.16237e-83 7.30519e-83 1.13145e-82 1.54651e-82 1.86545e-82 1.98576e-82 1.86545e-82 1.54651e-82 1.13145e-82 7.30519e-83 4.16237e-83 2.09297e-83 9.2875e-84 3.63704e-84 1.25693e-84 3.83341e-85 1.03175e-85 2.45062e-86 5.13677e-87 9.50208e-88 1.55117e-88 2.23467e-89 2.84107e-90 3.18759e-91 3.15614e-92 2.75781e-93 2.12659e-94 1.44716e-95 8.6909e-97 4.60601e-98 2.15426e-99 8.89168e-101 3.2388e-102 1.04111e-103 2.9534e-105 7.39369e-107 1.63348e-108 3.18478e-110 5.47971e-112 8.3205e-114 1.11495e-115 1.31848e-117 1.37596e-119 1.26721e-121 1.02993e-123 7.38716e-126 4.67586e-128 2.61192e-130 1.28757e-132 5.60136e-135 2.15046e-137 7.28586e-140 2.17843e-142 5.74805e-145 1.33847e-147 2.75051e-150 4.98803e-153 0.0 0.0 0.0 0.0 0.0 0.0 0.0 0.0 0.0 0.0 0.0 0.0 0.0 0.0 0.0 0.0 0.0 0.0 0.0
0.0 0.0 0.0 0.0 0.0 0.0 0.0 0.0 0.0 0.0 0.0 0.0 0.0 0.0 0.0 0.0 0.0 0.0 0.0 0.0 4.21652e-88 1.38254e-87 4.00052e-87 1.02157e-86 2.30214e-86 4.57836e-86 8.03527e-86 1.24453e-85 1.70107e-85 2.05188e-85 2.18421e-85 2.05188e-85 1.70107e-85 1.24453e-85 8.03527e-86 4.57836e-86 2.30214e-86 1.02157e-86 4.00052e-87 1.38254e-87 4.21652e-88 1.13486e-88 2.69553e-89 5.65014e-90 1.04517e-90 1.70619e-91 2.45801e-92 3.125e-93 3.50616e-94 3.47157e-95 3.03342e-96 2.33912e-97 1.59179e-98 9.55946e-100 5.06633e-101 2.36955e-102 9.78032e-104 3.56248e-105 1.14516e-106 3.24856e-108 8.13261e-110 1.79673e-111 3.50306e-113 6.02735e-115 9.15205e-117 1.22638e-118 1.45025e-120 1.51347e-122 1.39386e-124 1.13286e-126 8.12543e-129 5.14317e-131 2.87295e-133 1.41625e-135 6.16116e-138 2.36537e-140 8.014e-143 2.39614e-145 6.32251e-148 1.47224e-150 3.02539e-153 0.0 0.0 0.0 0.0 0.0 0.0 0.0 0.0 0.0 0.0 0.0 0.0 0.0 0.0 0.0 0.0 0.0 0.0 0.0 0.0
0.0 0.0 0.0 0.0 0.0 0.0 0.0 0.0 0.0 0.0 0.0 0.0 0.0 0.0 0.0 0.0 0.0 0.0 0.0 0.0 0.0 1.34203e-90 3.88328e-90 9.91631e-90 2.23467e-89 4.44418e-89 7.79978e-89 1.20805e-88 1.65121e-88 1.99174e-88 2.1202e-88 1.99174e-88 1.65121e-88 1.20805e-88 7.79978e-89 4.44418e-89 2.23467e-89 9.91631e-90 3.88328e-90 1.34203e-90 4.09295e-91 1.1016e-91 2.61653e-92 5.48455e-93 1.01454e-93 1.65619e-94 2.38597e-95 3.03342e-96 3.4034e-97 3.36983e-98 2.94452e-99 2.27057e-100 1.54514e-101 9.27931e-103 4.91785e-104 2.30011e-105 9.49369e-107 3.45808e-108 1.1116e-109 3.15336e-111 7.89427e-113 1.74407e-114 3.4004e-116 5.85071e-118 8.88383e-120 1.19043e-121 1.40774e-123 1.46911e-125 1.35301e-127 1.09966e-129 7.8873e-132 4.99244e-134 2.78875e-136 1.37474e-138 5.9806e-141 2.29605e-143 7.77914e-146 2.32592e-148 6.13722e-151 1.42909e-153 0.0 0.0 0.0 0.0 0.0 0.0 0.0 0.0 0.0 0.0 0.0 0.0 0.0 0.0 0.0 0.0 0.0 0.0 0.0 0.0 0.0
0.0 0.0 0.0 0.0 0.0 0.0 0.0 0.0 0.0 0.0 0.0 0.0 0.0 0.0 0.0 0.0 0.0 0.0 0.0 0.0 0.0 0.0 0.0 8.49464e-93 1.9143e-92 3.80703e-92 6.68155e-92 1.03486e-91 1.41449e-91 1.70619e-91 1.81623e-91 1.70619e-91 1.41449e-91 1.03486e-91 6.68155e-92 3.80703e-92 1.9143e-92 8.49464e-93 3.32655e-93 1.14962e-93 3.50616e-94 9.4367e-95 2.24141e-95 4.69825e-96 8.6909e-97 1.41875e-97 2.0439e-98 2.59853e-99 2.91547e-100 2.88671e-101 2.52238e-102 1.94505e-103 1.32362e-104 7.94897e-106 4.2128e-107 1.97035e-108 8.13261e-110 2.9623e-111 9.52231e-113 2.70127e-114 6.7625e-116 1.49403e-117 2.9129e-119 5.01192e-121 7.61019e-123 1.01977e-124 1.20592e-126 1.25849e-128 1.15903e-130 9.42004e-133 6.75653e-135 4.27669e-137 2.38894e-139 1.17765e-141 5.12318e-144 1.96687e-146 6.66387e-149 1.99246e-151 0.0 0.0 0.0 0.0 0.0 0.0 0.0 0.0 0.0 0.0 0.0 0.0 0.0 0.0 0.0 0.0 0.0 0.0 0.0 0.0 0.0 0.0 0.0
0.0 0.0 0.0 0.0 0.0 0.0 0.0 0.0 0.0 0.0 0.0 0.0 0.0 0.0 0.0 0.0 0.0 0.0 0.0 0.0 0.0 0.0 0.0 0.0 1.44716e-95 2.87803e-95 5.0511e-95 7.8233e-95 1.06932e-94 1.28984e-94 1.37303e-94 1.28984e-94 1.06932e-94 7.8233e-95 5.0511e-95 2.87803e-95 1.44716e-95 6.42175e-96 2.51479e-96 8.6909e-97 2.65057e-97 7.13392e-98 1.69446e-98 3.55177e-99 6.57012e-100 1.07254e-100 1.54514e-101 1.96443e-102 2.20403e-103 2.18228e-104 1.90686e-105 1.47041e-106 1.00063e-107 6.00923e-109 3.18478e-110 1.48954e-111 6.14807e-113 2.23943e-114 7.19865e-116 2.0421e-117 5.11229e-119 1.12945e-120 2.20208e-122 3.78889e-124 5.75313e-126 7.7092e-128 9.11648e-130 9.5139e-132 8.762e-134 7.12133e-136 5.10778e-138 3.23308e-140 1.80598e-142 8.90275e-145 3.87301e-147 1.48691e-149 5.03773e-152 0.0 0.0 0.0 0.0 0.0 0.0 0.0 0.0 0.0 0.0 0.0 0.0 0.0 0.0 0.0 0.0 0.0 0.0 0.0 0.0 0.0 0.0 0.0 0.0
0.0 0.0 0.0 0.0 0.0 0.0 0.0 0.0 0.0 0.0 0.0 0.0 0.0 0.0 0.0 0.0 0.0 0.0 0.0 0.0 0.0 0.0 0.0 0.0 0.0 1.92007e-98 3.36983e-98 5.21929e-98 7.13392e-98 8.60515e-98 9.16014e-98 8.60515e-98 7.13392e-98 5.21929e-98 3.36983e-98 1.92007e-98 9.65471e-99 4.28425e-99 1.67774e-99 5.79811e-100 1.76832e-100 4.75938e-101 1.13045e-101 2.36955e-102 4.38323e-103 7.15543e-104 1.03084e-104 1.31056e-105 1.47041e-106 1.4559e-107 1.27215e-108 9.8098e-110 6.67566e-111 4.00904e-112 2.12471e-113 9.93742e-115 4.10166e-116 1.49403e-117 4.80256e-119 1.36238e-120 3.41065e-122 7.53511e-124 1.46911e-125 2.52775e-127 3.83818e-129 5.14317e-131 6.08204e-133 6.34717e-135 5.84554e-137 4.75098e-139 3.40764e-141 2.15694e-143 1.20486e-145 5.93945e-148 2.58386e-150 9.91988e-153 0.0 0.0 0.0 0.0 0.0 0.0 0.0 0.0 0.0 0.0 0.0 0.0 0.0 0.0 0.0 0.0 0.0 0.0 0.0 0.0 0.0 0.0 0.0 0.0 0.0
0.0 0.0 0.0 0.0 0.0 0.0 0.0 0.0 0.0 0.0 0.0 0.0 0.0 0.0 0.0 0.0 0.0 0.0 0.0 0.0 0.0 0.0 0.0 0.0 0.0 0.0 0.0 3.07288e-101 4.20013e-101 5.06633e-101 5.39308e-101 5.06633e-101 4.20013e-101 3.07288e-101 1.984e-101 1.13045e-101 5.68426e-102 2.52238e-102 9.87777e-103 3.41367e-103 1.04111e-103 2.80211e-104 6.65559e-105 1.39509e-105 2.58065e-106 4.2128e-107 6.06911e-108 7.71601e-109 8.65712e-110 8.57171e-111 7.48988e-112 5.77557e-113 3.93033e-114 2.36034e-115 1.25094e-116 5.85071e-118 2.41488e-119 8.79619e-121 2.82753e-122 8.02108e-124 2.00804e-125 4.43634e-127 8.64948e-129 1.48823e-130 2.25975e-132 3.02807e-134 3.58083e-136 3.73693e-138 3.4416e-140 2.79716e-142 2.00627e-144 1.26991e-146 7.09366e-149 3.49688e-151 0.0 0.0 0.0 0.0 0.0 0.0 0.0 0.0 0.0 0.0 0.0 0.0 0.0 0.0 0.0 0.0 0.0 0.0 0.0 0.0 0.0 0.0 0.0 0.0 0.0 0.0 0.0
0.0 0.0 0.0 0.0 0.0 0.0 0.0 0.0 0.0 0.0 0.0 0.0 0.0 0.0 0.0 0.0 0.0 0.0 0.0 0.0 0.0 0.0 0.0 0.0 0.0 0.0 0.0 0.0 0.0 2.63234e-104 2.80211e-104 2.63234e-104 2.18228e-104 1.59659e-104 1.03084e-104 5.87354e-105 2.9534e-105 1.31056e-105 5.13224e-106 1.77365e-106 5.40934e-107 1.4559e-107 3.45808e-108 7.24852e-109 1.34084e-109 2.18886e-110 3.15336e-111 4.00904e-112 4.49802e-113 4.45364e-114 3.89155e-115 3.00084e-116 2.0421e-117 1.22638e-118 6.49955e-120 3.03988e-121 1.25471e-122 4.57028e-124 1.46911e-125 4.16755e-127 1.04333e-128 2.30501e-130 4.49405e-132 7.73244e-134 1.17411e-135 1.57331e-137 1.86051e-139 1.94162e-141 1.78817e-143 1.45333e-145 1.04241e-147 6.59813e-150 0.0 0.0 0.0 0.0 0.0 0.0 0.0 0.0 0.0 0.0 0.0 0.0 0.0 0.0 0.0 0.0 0.0 0.0 0.0 0.0 0.0 0.0 0.0 0.0 0.0 0.0 0.0 0.0 0.0
0.0 0.0 0.0 0.0 0.0 0.0 0.0 0.0 0.0 0.0 0.0 0.0 0.0 0.0 0.0 0.0 0.0 0.0 0.0 0.0 0.0 0.0 0.0 0.0 0.0 0.0 0.0 0.0 0.0 0.0 0.0 1.20699e-107 1.00063e-107 7.32075e-108 4.72663e-108 2.69315e-108 1.3542e-108 6.00923e-109 2.35325e-109 8.13261e-110 2.48031e-110 6.67566e-111 1.58561e-111 3.32361e-112 6.14807e-113 1.00364e-113 1.44589e-114 1.83824e-115 2.06245e-116 2.0421e-117 1.78437e-118 1.37596e-119 9.36349e-121 5.62321e-122 2.98019e-123 1.39386e-124 5.75313e-126 2.09558e-127 6.73622e-129 1.91092e-130 4.78389e-132 1.0569e-133 2.06063e-135 3.5455e-137 5.38356e-139 7.21398e-141 8.53086e-143 8.90275e-145 8.19915e-147 6.66387e-149 0.0 0.0 0.0 0.0 0.0 0.0 0.0 0.0 0.0 0.0 0.0 0.0 0.0 0.0 0.0 0.0 0.0 0.0 0.0 0.0 0.0 0.0 0.0 0.0 0.0 0.0 0.0 0.0 0.0 0.0 0.0
0.0 0.0 0.0 0.0 0.0 0.0 0.0 0.0 0.0 0.0 0.0 0.0 0.0 0.0 0.0 0.0 0.0 0.0 0.0 0.0 0.0 0.0 0.0 0.0 0.0 0.0 0.0 0.0 0.0 0.0 0.0 0.0 0.0 2.9623e-111 1.91261e-111 1.08977e-111 5.47971e-112 2.43161e-112 9.52231e-113 3.29082e-113 1.00364e-113 2.70127e-114 6.41608e-115 1.34488e-115 2.48779e-116 4.0612e-117 5.85071e-118 7.43834e-119 8.34559e-120 8.26325e-121 7.22035e-122 5.56774e-123 3.78889e-124 2.27541e-125 1.20592e-126 5.64017e-128 2.32798e-129 8.47965e-131 2.72578e-132 7.73244e-134 1.93578e-135 4.27669e-137 8.33822e-139 1.43467e-140 2.17843e-142 2.9191e-144 3.45197e-146 0.0 0.0 0.0 0.0 0.0 0.0 0.0 0.0 0.0 0.0 0.0 0.0 0.0 0.0 0.0 0.0 0.0 0.0 0.0 0.0 0.0 0.0 0.0 0.0 0.0 0.0 0.0 0.0 0.0 0.0 0.0 0.0 0.0 0.0
0.0 0.0 0.0 0.0 0.0 0.0 0.0 0.0 0.0 0.0 0.0 0.0 0.0 0.0 0.0 0.0 0.0 0.0 0.0 0.0 0.0 0.0 0.0 0.0 0.0 0.0 0.0 0.0 0.0 0.0 0.0 0.0 0.0 0.0 0.0 0.0 1.95679e-115 8.68322e-116 3.4004e-116 1.17515e-116 3.58399e-117 9.64619e-118 2.29117e-118 4.80256e-119 8.88383e-120 1.45025e-120 2.08928e-121 2.65622e-122 2.98019e-123 2.95079e-124 2.57837e-125 1.98823e-126 1.35301e-127 8.12543e-129 4.30632e-130 2.01409e-131 8.31316e-133 3.02807e-134 9.73371e-136 2.76124e-137 6.91263e-139 1.5272e-140 2.97756e-142 5.12318e-144 7.77914e-146 0.0 0.0 0.0 0.0 0.0 0.0 0.0 0.0 0.0 0.0 0.0 0.0 0.0 0.0 0.0 0.0 0.0 0.0 0.0 0.0 0.0 0.0 0.0 0.0 0.0 0.0 0.0 0.0 0.0 0.0 0.0 0.0 0.0 0.0 0.0 0.0
0.0 0.0 0.0 0.0 0.0 0.0 0.0 0.0 0.0 0.0 0.0 0.0 0.0 0.0 0.0 0.0 0.0 0.0 0.0 0.0 0.0 0.0 0.0 0.0 0.0 0.0 0.0 0.0 0.0 0.0 0.0 0.0 0.0 0.0 0.0 0.0 0.0 0.0 0.0 0.0 1.12945e-120 3.03988e-121 7.22035e-122 1.51347e-122 2.79963e-123 4.57028e-124 6.58411e-125 8.37075e-126 9.39172e-127 9.29907e-128 8.12543e-129 6.26566e-130 4.26384e-131 2.56063e-132 1.35709e-133 6.34717e-135 2.61979e-136 9.54259e-138 3.06746e-139 8.70172e-141 2.17843e-142 0.0 0.0 0.0 0.0 0.0 0.0 0.0 0.0 0.0 0.0 0.0 0.0 0.0 0.0 0.0 0.0 0.0 0.0 0.0 0.0 0.0 0.0 0.0 0.0 0.0 0.0 0.0 0.0 0.0 0.0 0.0 0.0 0.0 0.0 0.0 0.0 0.0 0.0 0.0 0.0
0.0 0.0 0.0 0.0 0.0 0.0 0.0 0.0 0.0 0.0 0.0 0.0 0.0 0.0 0.0 0.0 0.0 0.0 0.0 0.0 0.0 0.0 0.0 0.0 0.0 0.0 0.0 0.0 0.0 0.0 0.0 0.0 0.0 0.0 0.0 0.0 0.0 0.0 0.0 0.0 0.0 0.0 0.0 0.0 0.0 1.27103e-127 1.83109e-128 2.32798e-129 2.61192e-130 2.58615e-131 2.25975e-132 1.74253e-133 1.18581e-134 7.12133e-136 3.77417e-137 1.7652e-138 0.0 0.0 0.0 0.0 0.0 0.0 0.0 0.0 0.0 0.0 0.0 0.0 0.0 0.0 0.0 0.0 0.0 0.0 0.0 0.0 0.0 0.0 0.0 0.0 0.0 0.0 0.0 0.0 0.0 0.0 0.0 0.0 0.0 0.0 0.0 0.0 0.0 0.0 0.0 0.0 0.0 0.0 0.0 0.0 0.0
0.0 0.0 0.0 0.0 0.0 0.0 0.0 0.0 0.0 0.0 0.0 0.0 0.0 0.0 0.0 0.0 0.0 0.0 0.0 0.0 0.0 0.0 0.0 0.0 0.0 0.0 0.0 0.0 0.0 0.0 0.0 0.0 0.0 0.0 0.0 0.0 0.0 0.0 0.0 0.0 0.0 0.0 0.0 0.0 0.0 0.0 0.0 0.0 0.0 0.0 0.0 0.0 0.0 0.0 0.0 0.0 0.0 0.0 0.0 0.0 0.0 0.0 0.0 0.0 0.0 0.0 0.0 0.0 0.0 0.0 0.0 0.0 0.0 0.0 0.0 0.0 0.0 0.0 0.0 0.0 0.0 0.0 0.0 0.0 0.0 0.0 0.0 0.0 0.0 0.0 0.0 0.0 0.0 0.0 0.0 0.0 0.0 0.0 0.0 0.0 0.0
0.0 0.0 0.0 0.0 0.0 0.0 0.0 0.0 0.0 0.0 0.0 0.0 0.0 0.0 0.0 0.0 0.0 0.0 0.0 0.0 0.0 0.0 0.0 0.0 0.0 0.0 0.0 0.0 0.0 0.0 0.0 0.0 0.0 0.0 0.0 0.0 0.0 0.0 0.0 0.0 0.0 0.0 0.0 0.0 0.0 0.0 0.0 0.0 0.0 0.0 0.0 0.0 0.0 0.0 0.0 0.0 0.0 0.0 0.0 0.0 0.0 0.0 0.0 0.0 0.0 0.0 0.0 0.0 0.0 0.0 0.0 0.0 0.0 0.0 0.0 0.0 0.0 0.0 0.0 0.0 0.0 0.0 0.0 0.0 0.0 0.0 0.0 0.0 0.0 0.0 0.0 0.0 0.0 0.0 0.0 0.0 0.0 0.0 0.0 0.0 0.0
0.0 0.0 0.0 0.0 0.0 0.0 0.0 0.0 0.0 0.0 0.0 0.0 0.0 0.0 0.0 0.0 0.0 0.0 0.0 0.0 0.0 0.0 0.0 0.0 0.0 0.0 0.0 0.0 0.0 0.0 0.0 0.0 0.0 0.0 0.0 0.0 0.0 0.0 0.0 0.0 0.0 0.0 0.0 0.0 0.0 0.0 0.0 0.0 0.0 0.0 0.0 0.0 0.0 0.0 0.0 0.0 0.0 0.0 0.0 0.0 0.0 0.0 0.0 0.0 0.0 0.0 0.0 0.0 0.0 0.0 0.0 0.0 0.0 0.0 0.0 0.0 0.0 0.0 0.0 0.0 0.0 0.0 0.0 0.0 0.0 0.0 0.0 0.0 0.0 0.0 0.0 0.0 0.0 0.0 0.0 0.0 0.0 0.0 0.0 0.0 0.0
0.0 0.0 0.0 0.0 0.0 0.0 0.0 0.0 0.0 0.0 0.0 0.0 0.0 0.0 0.0 0.0 0.0 0.0 0.0 0.0 0.0 0.0 0.0 0.0 0.0 0.0 0.0 0.0 0.0 0.0 0.0 0.0 0.0 0.0 0.0 0.0 0.0 0.0 0.0 0.0 0.0 0.0 0.0 0.0 0.0 0.0 0.0 0.0 0.0 0.0 0.0 0.0 0.0 0.0 0.0 0.0 0.0 0.0 0.0 0.0 0.0 0.0 0.0 0.0 0.0 0.0 0.0 0.0 0.0 0.0 0.0 0.0 0.0 0.0 0.0 0.0 0.0 0.0 0.0 0.0 0.0 0.0 0.0 0.0 0.0 0.0 0.0 0.0 0.0 0.0 0.0 0.0 0.0 0.0 0.0 0.0 0.0 0.0 0.0 0.0 0.0
