0.0 0.0 0.0 0.0 0.0 0.0 0.0 0.0 0.0 0.0220551 0.0156047 0.0109405 0.0 0.0 0.0 0.0 0.0 0.0 0.0 0.0 0.0
0.0 0.0 0.0 0.0 0.0 0.0 0.159668 0.117643 0.0755087 0.0402321 0.022677 0.0129716 0.0073564 0.00399907 0.00238835 0.0 0.0 0.0 0.0 0.0 0.0
0.0 0.0 0.0 0.0 0.565303 0.431666 0.265416 0.167867 0.10296 0.0595979 0.0334638 0.0182943 0.0097293 0.00502306 0.00258289 0.00132081 0.000751451 0.0 0.0 0.0 0.0
0.0 0.0 0.0 1.24091 0.875331 0.607338 0.397084 0.250446 0.152165 0.088718 0.0497799 0.0269278 0.0140544 0.00708343 0.00346705 0.00166263 0.000816134 0.000458492 0.0 0.0 0.0
0.0 0.0 2.58038 1.88532 1.33158 0.9075 0.592862 0.372048 0.224504 0.130286 0.0727609 0.0391266 0.0202666 0.0101157 0.00487259 0.002274 0.0010445 0.000495936 0.000272381 0.0 0.0
0.0 4.97276 3.76836 2.8007 1.98141 1.33767 0.864811 0.537023 0.320892 0.184677 0.10241 0.0547293 0.0281868 0.0139896 0.0066928 0.00309041 0.00138497 0.000614902 0.00028906 0.000158996 0.0
0.0 6.86729 5.60277 4.15777 2.8922 1.91433 1.21524 0.742909 0.438185 0.249531 0.137203 0.0728213 0.0372945 0.0184225 0.00877508 0.00403117 0.00178952 0.000774837 0.000341083 0.000180422 0.0
0.0 11.0281 8.68957 6.16042 4.11141 2.63137 1.62733 0.975097 0.566395 0.318782 0.173704 0.0915521 0.0466321 0.022936 0.0108866 0.00498489 0.00220331 0.0009448 0.000404797 0.000203762 0.0
26.3965 20.3593 13.9682 8.98084 5.60067 3.42219 2.05026 1.2017 0.687186 0.382415 0.206649 0.108239 0.0548723 0.0268917 0.0127283 0.00581471 0.00256382 0.00109411 0.000459728 0.000205663 0.000107362
35.0824 38.2394 22.1365 12.3876 7.08624 4.1139 2.38986 1.37397 0.775836 0.428045 0.229904 0.11989 0.060581 0.0296169 0.0139922 0.00638274 0.00281043 0.00119653 0.000498195 0.000213753 0.000110411
48.4769 100 33.8653 15.1396 7.91513 4.42655 2.52751 1.44004 0.808854 0.444759 0.238336 0.124087 0.0626281 0.030591 0.0144429 0.00658501 0.00289819 0.00123301 0.000512061 0.000217452 0.000111675
35.0824 38.2394 22.1365 12.3876 7.08624 4.1139 2.38986 1.37397 0.775836 0.428045 0.229904 0.11989 0.060581 0.0296169 0.0139922 0.00638274 0.00281043 0.00119653 0.000498195 0.000213753 0.000110411
26.3965 20.3593 13.9682 8.98084 5.60067 3.42219 2.05026 1.2017 0.687186 0.382415 0.206649 0.108239 0.0548723 0.0268917 0.0127283 0.00581471 0.00256382 0.00109411 0.000459728 0.000205663 0.000107362
0.0 11.0281 8.68957 6.16042 4.11141 2.63137 1.62733 0.975097 0.566395 0.318782 0.173704 0.0915521 0.0466321 0.022936 0.0108866 0.00498489 0.00220331 0.0009448 0.000404797 0.000203762 0.0
0.0 6.86729 5.60277 4.15777 2.8922 1.91433 1.21524 0.742909 0.438185 0.249531 0.137203 0.0728213 0.0372945 0.0184225 0.00877508 0.00403117 0.00178952 0.000774837 0.000341083 0.000180422 0.0
0.0 4.97276 3.76836 2.8007 1.98141 1.33767 0.864811 0.537023 0.320892 0.184677 0.10241 0.0547293 0.0281868 0.0139896 0.0066928 0.00309041 0.00138497 0.000614902 0.00028906 0.000158996 0.0
0.0 0.0 2.58038 1.88532 1.33158 0.9075 0.592862 0.372048 0.224504 0.130286 0.0727609 0.0391266 0.0202666 0.0101157 0.00487259 0.002274 0.0010445 0.000495936 0.000272381 0.0 0.0
0.0 0.0 0.0 1.24091 0.875331 0.607338 0.397084 0.250446 0.152165 0.088718 0.0497799 0.0269278 0.0140544 0.00708343 0.00346705 0.00166263 0.000816134 0.000458492 0.0 0.0 0.0
0.0 0.0 0.0 0.0 0.565303 0.431666 0.265416 0.167867 0.10296 0.0595979 0.0334638 0.0182943 0.0097293 0.00502306 0.00258289 0.00132081 0.000751451 0.0 0.0 0.0 0.0
0.0 0.0 0.0 0.0 0.0 0.0 0.159668 0.117643 0.0755087 0.0402321 0.022677 0.0129716 0.0073564 0.00399907 0.00238835 0.0 0.0 0.0 0.0 0.0 0.0
0.0 0.0 0.0 0.0 0.0 0.0 0.0 0.0 0.0 0.0220551 0.0156047 0.0109405 0.0 0.0 0.0 0.0 0.0 0.0 0.0 0.0 0.0
