0.0 0.0 0.0 0.0 0.0 0.0 0.0 0.0 0.0 0.0 6.22251 0.0 0.0 0.0 0.0 0.0 0.0 0.0 0.0 0.0 0.0
0.0 0.0 0.0 0.0 0.0 10.5342 10.62 10.5377 10.1241 9.3095 8.03693 7.81448 7.51869 7.44206 7.6693 8.0765 0.0 0.0 0.0 0.0 0.0
0.0 0.0 0.0 0.0 13.2546 13.0922 13.449 13.5692 13.1838 12.2678 11.0176 10.0438 9.37847 9.19645 9.60716 10.6617 12.5654 0.0 0.0 0.0 0.0
0.0 0.0 0.0 16.1895 16.5982 18.0642 19.7128 20.4854 20.1623 18.7799 16.6447 14.6335 13.2361 12.7573 13.3358 14.9732 17.5955 21.1868 0.0 0.0 0.0
0.0 0.0 18.3989 19.5525 22.638 27.1299 31.7069 33.659 33.3836 30.9624 26.487 22.3817 19.5449 18.4661 19.3233 22.0275 26.1317 30.2529 0.0 0.0 0.0
0.0 20.0856 21.4985 25.5806 32.7642 42.9545 54.5307 57.7452 57.4739 53.6504 42.944 34.5546 28.9617 26.7802 28.2381 33.2921 41.6731 52.0784 54.8569 0.0 0.0
0.0 23.1743 26.6927 34.5765 48.1349 68.5677 100 100 100 100 68.9041 52.5829 42.0569 37.9884 40.5768 49.9979 67.4858 100 74.1963 65.6277 0.0
0.0 27.2483 33.1936 46.0541 68.8641 100 100 100 100 100 100 76.5026 58.4591 51.7578 56.3375 72.1196 100 100 100 75.1271 0.0
25.2088 30.0203 39.2979 58.2962 100 100 100 100 100 100 100 100 74.3199 66.4109 75.4046 100 100 100 100 78.7424 0.0
26.0915 31.2334 42.0271 61.7306 100 100 100 100 100 100 100 100 77.8421 78.0975 100 100 100 100 100 80.3416 66.4809
25.5051 30.1876 39.8267 55.1619 76.0613 100 100 100 100 100 100 77.0552 69.4923 78.0541 100 100 100 100 100 100 69.3858
24.0686 27.2095 34.1766 45.3977 62.5574 100 100 100 100 100 74.6753 61.3431 60.7923 74.7647 100 100 100 100 100 78.6702 64.7559
0.0 23.7095 27.7395 34.9495 45.3249 60.0031 69.7771 77.9251 77.6454 68.6466 55.92 49.3075 51.8872 66.3679 100 100 100 100 100 73.5064 62.6911
0.0 19.9274 22.3687 27.1561 34.292 44.0571 55.2647 67.1942 66.8599 54.8587 44.942 41.0015 44.675 57.4355 79.8496 100 100 100 82.1411 67.0931 0.0
0.0 17.5513 18.967 22.4718 28.3345 37.1987 49.4743 63.541 62.2745 48.3006 38.5963 35.44 39.5084 51.823 72.0113 85.9899 85.9718 77.9693 66.6525 58.6105 0.0
0.0 0.0 17.6412 20.4561 25.905 35.3065 49.9412 68.078 61.3195 44.6556 34.4648 31.3733 35.5046 48.2694 71.4914 100 86.0102 69.1778 58.5622 53.2586 0.0
0.0 0.0 0.0 20.6741 25.7664 36.666 57.4738 100 60.7482 41.2895 31.0466 27.7966 31.374 43.6052 68.3737 100 100 66.6369 56.2587 0.0 0.0
0.0 0.0 0.0 20.9015 26.3183 37.9801 62.107 100 59.0918 38.9003 28.258 24.4189 26.4571 35.2085 54.4242 100 70.0763 59.4762 0.0 0.0 0.0
0.0 0.0 0.0 0.0 27.0545 34.4696 47.6948 62.7743 54.5424 36.5485 25.6747 21.4991 22.0921 27.0221 36.4066 49.3848 51.4949 0.0 0.0 0.0 0.0
0.0 0.0 0.0 0.0 0.0 33.1853 39.2425 45.3408 42.1674 31.544 22.2209 19.3857 19.5426 22.5988 27.9033 33.4693 0.0 0.0 0.0 0.0 0.0
0.0 0.0 0.0 0.0 0.0 0.0 0.0 0.0 0.0 0.0 17.6775 0.0 0.0 0.0 0.0 0.0 0.0 0.0 0.0 0.0 0.0
